    PID     TID PSR COMMAND
3041983 3041983  51 vllm
3041983 3042116  62 PlogFlush
3041983 3042117  53 WatchdogMonitor
3041983 3042118  62 AtraceMonitor
3041983 3042194  49 iou-sqp-556199
3041983 3042205  49 vllm
3041983 3042206  52 vllm
3041983 3042207  57 vllm
3041983 3042208  58 vllm
3041983 3042209  59 vllm
3041983 3042210  61 vllm
3041983 3042211  62 vllm
3041983 3042212  63 vllm
3041983 3042213  65 vllm
3041983 3042214  66 vllm
3041983 3042215  67 vllm
3041983 3042216  68 vllm
3041983 3042217  70 vllm
3041983 3042218  71 vllm
3041983 3042219  64 vllm
3041983 3042220  50 vllm
3041983 3042221  54 vllm
3041983 3042222  55 vllm
3041983 3042223  69 vllm
3041983 3042224  56 vllm
3041983 3042225  51 vllm
3041983 3042226  53 vllm
3041983 3042227  60 vllm
3041983 3042228  49 vllm
3041983 3042229  64 vllm
3041983 3042230  70 vllm
3041983 3042231  71 vllm
3041983 3042232  62 vllm
3041983 3042233  68 vllm
3041983 3042234  59 vllm
3041983 3042235  52 vllm
3041983 3042236  58 vllm
3041983 3042237  61 vllm
3041983 3042238  63 vllm
3041983 3042239  65 vllm
3041983 3042240  66 vllm
3041983 3042241  67 vllm
3041983 3042242  50 vllm
3041983 3042243  55 vllm
3041983 3042244  53 vllm
3041983 3042245  54 vllm
3041983 3042246  57 vllm
3041983 3042247  69 vllm
3041983 3042248  56 vllm
3041983 3042249  51 vllm
3041983 3042250  60 vllm
3041983 3042251  49 vllm
3041983 3042252  59 vllm
3041983 3042253  57 vllm
3041983 3042254  62 vllm
3041983 3042255  63 vllm
3041983 3042256  65 vllm
3041983 3042257  66 vllm
3041983 3042258  68 vllm
3041983 3042259  71 vllm
3041983 3042260  67 vllm
3041983 3042261  70 vllm
3041983 3042262  64 vllm
3041983 3042263  52 vllm
3041983 3042264  58 vllm
3041983 3042265  61 vllm
3041983 3042266  56 vllm
3041983 3042267  69 vllm
3041983 3042268  50 vllm
3041983 3042269  54 vllm
3041983 3042270  55 vllm
3041983 3042271  51 vllm
3041983 3042272  53 vllm
3041983 3042273  60 vllm
3041983 3042274  58 vllm
3041983 3042275  52 vllm
3041983 3042276  61 vllm
3041983 3042277  53 vllm
3041983 3042278  55 vllm
3041983 3042279  50 vllm
3041983 3042280  54 vllm
3041983 3042281  51 vllm
3041983 3042282  69 vllm
3041983 3042283  56 vllm
3041983 3042284  49 vllm
3041983 3042285  57 vllm
3041983 3042286  59 vllm
3041983 3042287  62 vllm
3041983 3042288  63 vllm
3041983 3042289  68 vllm
3041983 3042290  71 vllm
3041983 3042291  65 vllm
3041983 3042292  66 vllm
3041983 3042293  48 vllm
3041983 3042294  67 vllm
3041983 3042295  64 vllm
3041983 3042296  70 vllm
3041983 3042297  66 vllm
3041983 3042298  65 vllm
3041983 3042299  48 vllm
3041983 3042300  67 vllm
3041983 3042301  70 vllm
3041983 3042302  64 vllm
3041983 3042303  59 vllm
3041983 3042304  48 vllm
3041983 3042305  63 vllm
3041983 3042306  62 vllm
3041983 3042307  57 vllm
3041983 3042308  71 vllm
3041983 3042309  48 vllm
3041983 3042310  68 vllm
3041983 3042311  52 vllm
3041983 3042312  56 vllm
3041983 3042313  69 vllm
3041983 3042314  61 vllm
3041983 3042315  50 vllm
3041983 3042316  52 vllm
3041983 3042317  56 vllm
3041983 3042318  69 vllm
3041983 3042319  61 vllm
3041983 3042320  57 vllm
3041983 3042321  50 vllm
3041983 3042322  68 vllm
3041983 3042323  58 vllm
3041983 3042324  62 vllm
3041983 3042325  63 vllm
3041983 3042326  59 vllm
3041983 3042327  60 vllm
3041983 3042328  53 vllm
3041983 3042329  58 vllm
3041983 3042330  55 vllm
3041983 3042331  71 vllm
3041983 3042332  55 vllm
3041983 3042333  60 vllm
3041983 3042334  54 vllm
3041983 3042335  51 vllm
3041983 3042336  65 vllm
3041983 3042337  66 vllm
3041983 3042338  53 vllm
3041983 3042339  67 vllm
3041983 3042340  64 vllm
3041983 3042341  70 vllm
3041983 3042342  54 vllm
3041983 3042343  51 vllm
3041983 3042344  57 vllm
3041983 3042345  52 vllm
3041983 3042346  62 vllm
3041983 3042347  61 vllm
3041983 3042348  53 vllm
3041983 3042349  68 vllm
3041983 3042350  70 vllm
3041983 3042351  59 vllm
3041983 3042352  59 vllm
3041983 3042353  56 vllm
3041983 3042354  71 vllm
3041983 3042355  49 vllm
3041983 3042356  49 vllm
3041983 3042357  68 vllm
3041983 3042358  49 vllm
3041983 3042359  69 vllm
3041983 3042360  50 vllm
3041983 3042361  71 vllm
3041983 3042362  56 vllm
3041983 3042363  50 vllm
3041983 3042364  63 vllm
3041983 3042365  58 vllm
3041983 3042366  55 vllm
3041983 3042367  66 vllm
3041983 3042368  67 vllm
3041983 3042369  65 vllm
3041983 3042370  64 vllm
3041983 3042371  57 vllm
3041983 3042372  52 vllm
3041983 3042373  69 vllm
3041983 3042374  49 vllm
3041983 3042375  61 vllm
3041983 3042376  62 vllm
3041983 3042377  54 vllm
3041983 3042378  51 vllm
3041983 3042379  63 vllm
3041983 3042380  60 vllm
3041983 3042381  67 vllm
3041983 3042382  61 vllm
3041983 3042383  57 vllm
3041983 3042384  53 vllm
3041983 3042385  55 vllm
3041983 3042386  53 vllm
3041983 3042387  49 vllm
3041983 3042388  51 vllm
3041983 3042389  52 vllm
3041983 3042390  54 vllm
3041983 3042391  56 vllm
3041983 3042392  58 vllm
3041983 3042393  62 vllm
3041983 3042394  58 vllm
3041983 3042395  65 vllm
3041983 3042396  66 vllm
3041983 3042582  49 ZMQbg/Reaper
3041983 3042583  54 ZMQbg/IO/0
3041983 3042584  62 ZMQbg/IO/1
3041983 3046894  64 vllm
3041983 3046895  66 vllm
3041983 3049399  55 vllm
