    PID     TID PSR COMMAND
3049974 3049974  23 vllm
3049974 3050009  80 PlogFlush
3049974 3050010  75 WatchdogMonitor
3049974 3050011  77 AtraceMonitor
3049974 3050176  23 iou-sqp-574423
3049974 3050187  23 vllm
3049974 3050188   1 vllm
3049974 3050189   3 vllm
3049974 3050190   6 vllm
3049974 3050191   7 vllm
3049974 3050192   8 vllm
3049974 3050193   9 vllm
3049974 3050194  10 vllm
3049974 3050195  11 vllm
3049974 3050196  12 vllm
3049974 3050197  13 vllm
3049974 3050198  14 vllm
3049974 3050199  17 vllm
3049974 3050200  16 vllm
3049974 3050201  18 vllm
3049974 3050202  19 vllm
3049974 3050203  20 vllm
3049974 3050204  21 vllm
3049974 3050205   2 vllm
3049974 3050206   5 vllm
3049974 3050207   0 vllm
3049974 3050208   9 vllm
3049974 3050209  21 vllm
3049974 3050210  10 vllm
3049974 3050211  20 vllm
3049974 3050212  23 vllm
3049974 3050213   1 vllm
3049974 3050214   3 vllm
3049974 3050215   6 vllm
3049974 3050216  11 vllm
3049974 3050217  12 vllm
3049974 3050218  14 vllm
3049974 3050219  15 vllm
3049974 3050220  16 vllm
3049974 3050221  17 vllm
3049974 3050222   2 vllm
3049974 3050223   8 vllm
3049974 3050224  15 vllm
3049974 3050225  13 vllm
3049974 3050226  18 vllm
3049974 3050227   7 vllm
3049974 3050228  19 vllm
3049974 3050229   5 vllm
3049974 3050230   0 vllm
3049974 3050231  15 vllm
3049974 3050232   7 vllm
3049974 3050233   8 vllm
3049974 3050234  23 vllm
3049974 3050235   3 vllm
3049974 3050236   6 vllm
3049974 3050237  19 vllm
3049974 3050238   1 vllm
3049974 3050239   9 vllm
3049974 3050240  10 vllm
3049974 3050241  11 vllm
3049974 3050242  12 vllm
3049974 3050243  14 vllm
3049974 3050244  21 vllm
3049974 3050245  16 vllm
3049974 3050246  17 vllm
3049974 3050247  20 vllm
3049974 3050248   2 vllm
3049974 3050249   0 vllm
3049974 3050250  13 vllm
3049974 3050251  18 vllm
3049974 3050252   5 vllm
3049974 3050253  15 vllm
3049974 3050254  13 vllm
3049974 3050255  23 vllm
3049974 3050256  96 vllm
3049974 3050257  18 vllm
3049974 3050258   3 vllm
3049974 3050259   6 vllm
3049974 3050260   5 vllm
3049974 3050261  20 vllm
3049974 3050262  17 vllm
3049974 3050263  12 vllm
3049974 3050264   2 vllm
3049974 3050265  16 vllm
3049974 3050266  11 vllm
3049974 3050267   1 vllm
3049974 3050268  14 vllm
3049974 3050269   9 vllm
3049974 3050270  21 vllm
3049974 3050271  10 vllm
3049974 3050272   8 vllm
3049974 3050273   7 vllm
3049974 3050274  19 vllm
3049974 3050275   0 vllm
3049974 3050276  15 vllm
3049974 3050277   8 vllm
3049974 3050278   7 vllm
3049974 3050279  19 vllm
3049974 3050280   9 vllm
3049974 3050281  10 vllm
3049974 3050282   1 vllm
3049974 3050283   6 vllm
3049974 3050284  23 vllm
3049974 3050285   3 vllm
3049974 3050286  12 vllm
3049974 3050287  11 vllm
3049974 3050288  16 vllm
3049974 3050289  17 vllm
3049974 3050290  13 vllm
3049974 3050291  20 vllm
3049974 3050292  14 vllm
3049974 3050293   2 vllm
3049974 3050294  18 vllm
3049974 3050295   0 vllm
3049974 3050296  21 vllm
3049974 3050297   5 vllm
3049974 3050298  15 vllm
3049974 3050299   6 vllm
3049974 3050300  18 vllm
3049974 3050301   2 vllm
3049974 3050302  21 vllm
3049974 3050303   5 vllm
3049974 3050304  15 vllm
3049974 3050305   1 vllm
3049974 3050306  14 vllm
3049974 3050307  20 vllm
3049974 3050308  23 vllm
3049974 3050309  13 vllm
3049974 3050310  17 vllm
3049974 3050311  12 vllm
3049974 3050312  16 vllm
3049974 3050313   1 vllm
3049974 3050314  23 vllm
3049974 3050315  11 vllm
3049974 3050316   7 vllm
3049974 3050317  12 vllm
3049974 3050318  16 vllm
3049974 3050319  22 vllm
3049974 3050320  17 vllm
3049974 3050321   3 vllm
3049974 3050322   7 vllm
3049974 3050323  11 vllm
3049974 3050324   3 vllm
3049974 3050325   8 vllm
3049974 3050326  19 vllm
3049974 3050327   9 vllm
3049974 3050328  10 vllm
3049974 3050329   0 vllm
3049974 3050330   6 vllm
3049974 3050331  13 vllm
3049974 3050332  20 vllm
3049974 3050333   2 vllm
3049974 3050334  14 vllm
3049974 3050335  21 vllm
3049974 3050336  18 vllm
3049974 3050337   5 vllm
3049974 3050338   8 vllm
3049974 3050339   9 vllm
3049974 3050340  22 vllm
3049974 3050341  22 vllm
3049974 3050342  18 vllm
3049974 3050343  19 vllm
3049974 3050344   6 vllm
3049974 3050345  14 vllm
3049974 3050346   5 vllm
3049974 3050347  72 vllm
3049974 3050348  75 vllm
3049974 3050349  76 vllm
3049974 3050350  77 vllm
3049974 3050351  80 vllm
3049974 3050352  81 vllm
3049974 3050353  51 vllm
3049974 3050354  54 vllm
3049974 3050355  52 vllm
3049974 3050356  95 vllm
3049974 3050357  82 vllm
3049974 3050358  83 vllm
3049974 3050359  84 vllm
3049974 3050360  85 vllm
3049974 3050361  86 vllm
3049974 3050362  87 vllm
3049974 3050363  88 vllm
3049974 3050364  89 vllm
3049974 3050365  52 vllm
3049974 3050366  89 vllm
3049974 3050367  55 vllm
3049974 3050368  53 vllm
3049974 3050369  54 vllm
3049974 3050370  90 vllm
3049974 3050371  91 vllm
3049974 3050372  92 vllm
3049974 3050373  93 vllm
3049974 3050374  94 vllm
3049974 3050375  94 vllm
3049974 3050376  55 vllm
3049974 3050377  95 vllm
3049974 3050378  56 vllm
3049974 3050578   1 ZMQbg/Reaper
3049974 3050579   4 ZMQbg/IO/0
3049974 3050580   5 ZMQbg/IO/1
3049974 3054185  19 vllm
3049974 3054186   5 vllm
3049974 3055394   4 vllm
