    PID     TID PSR COMMAND
1415191 1415191  49 vllm
1415191 1415298 152 PlogFlush
1415191 1415299 150 WatchdogMonitor
1415191 1415300 153 AtraceMonitor
1415191 1415529  50 iou-sqp-1073328
1415191 1416160  49 vllm
1415191 1416161  51 vllm
1415191 1416162  53 vllm
1415191 1416163  54 vllm
1415191 1416164  55 vllm
1415191 1416165  56 vllm
1415191 1416166  57 vllm
1415191 1416167  59 vllm
1415191 1416168  60 vllm
1415191 1416169  61 vllm
1415191 1416170  62 vllm
1415191 1416171  63 vllm
1415191 1416172  64 vllm
1415191 1416173  65 vllm
1415191 1416174  66 vllm
1415191 1416175  67 vllm
1415191 1416176  68 vllm
1415191 1416177  69 vllm
1415191 1416178  70 vllm
1415191 1416179  71 vllm
1415191 1416180  52 vllm
1415191 1416181  58 vllm
1415191 1416182  50 vllm
1415191 1416183  49 vllm
1415191 1416184  51 vllm
1415191 1416185  52 vllm
1415191 1416186  53 vllm
1415191 1416187  54 vllm
1415191 1416188  59 vllm
1415191 1416189  60 vllm
1415191 1416190  61 vllm
1415191 1416191  62 vllm
1415191 1416192  63 vllm
1415191 1416193  64 vllm
1415191 1416194  69 vllm
1415191 1416195  70 vllm
1415191 1416196  71 vllm
1415191 1416197  50 vllm
1415191 1416198  57 vllm
1415191 1416199  58 vllm
1415191 1416200  67 vllm
1415191 1416201  68 vllm
1415191 1416202  56 vllm
1415191 1416203  66 vllm
1415191 1416204  55 vllm
1415191 1416205  65 vllm
1415191 1416206  57 vllm
1415191 1416207  49 vllm
1415191 1416208  51 vllm
1415191 1416209  53 vllm
1415191 1416210  54 vllm
1415191 1416211  55 vllm
1415191 1416212  59 vllm
1415191 1416213  56 vllm
1415191 1416214  60 vllm
1415191 1416215  61 vllm
1415191 1416216  62 vllm
1415191 1416217  63 vllm
1415191 1416218  65 vllm
1415191 1416219  64 vllm
1415191 1416220  52 vllm
1415191 1416221  66 vllm
1415191 1416222  69 vllm
1415191 1416223  70 vllm
1415191 1416224  67 vllm
1415191 1416225  68 vllm
1415191 1416226  58 vllm
1415191 1416227  71 vllm
1415191 1416228  50 vllm
1415191 1416229  67 vllm
1415191 1416230  68 vllm
1415191 1416231  58 vllm
1415191 1416232  71 vllm
1415191 1416233  50 vllm
1415191 1416234  54 vllm
1415191 1416235  70 vllm
1415191 1416236  69 vllm
1415191 1416237  52 vllm
1415191 1416238  64 vllm
1415191 1416239  66 vllm
1415191 1416240  61 vllm
1415191 1416241  63 vllm
1415191 1416242  62 vllm
1415191 1416243  60 vllm
1415191 1416244  59 vllm
1415191 1416245  65 vllm
1415191 1416246  56 vllm
1415191 1416247 144 vllm
1415191 1416248  51 vllm
1415191 1416249  53 vllm
1415191 1416250  55 vllm
1415191 1416251  49 vllm
1415191 1416252  57 vllm
1415191 1416253  59 vllm
1415191 1416254  56 vllm
1415191 1416255  51 vllm
1415191 1416256  61 vllm
1415191 1416257  53 vllm
1415191 1416258  60 vllm
1415191 1416259  63 vllm
1415191 1416260  64 vllm
1415191 1416261  52 vllm
1415191 1416262  62 vllm
1415191 1416263  69 vllm
1415191 1416264  66 vllm
1415191 1416265  65 vllm
1415191 1416266  67 vllm
1415191 1416267  70 vllm
1415191 1416268  68 vllm
1415191 1416269  71 vllm
1415191 1416270  54 vllm
1415191 1416271  50 vllm
1415191 1416272  58 vllm
1415191 1416273  49 vllm
1415191 1416274  57 vllm
1415191 1416275  55 vllm
1415191 1416276  50 vllm
1415191 1416277  71 vllm
1415191 1416278  58 vllm
1415191 1416279  70 vllm
1415191 1416280  67 vllm
1415191 1416281  55 vllm
1415191 1416282  68 vllm
1415191 1416283  65 vllm
1415191 1416284  49 vllm
1415191 1416285  57 vllm
1415191 1416286  62 vllm
1415191 1416287  66 vllm
1415191 1416288  54 vllm
1415191 1416289  69 vllm
1415191 1416290  52 vllm
1415191 1416291  60 vllm
1415191 1416292  62 vllm
1415191 1416293  64 vllm
1415191 1416294  51 vllm
1415191 1416295  63 vllm
1415191 1416296  59 vllm
1415191 1416297  53 vllm
1415191 1416298  56 vllm
1415191 1416299  61 vllm
1415191 1416300  60 vllm
1415191 1416301  64 vllm
1415191 1416302  52 vllm
1415191 1416303  69 vllm
1415191 1416304  65 vllm
1415191 1416305  67 vllm
1415191 1416306  66 vllm
1415191 1416307  68 vllm
1415191 1416308  50 vllm
1415191 1416309  58 vllm
1415191 1416310  61 vllm
1415191 1416311  71 vllm
1415191 1416312  71 vllm
1415191 1416313  53 vllm
1415191 1416314  56 vllm
1415191 1416315  59 vllm
1415191 1416316  51 vllm
1415191 1416317  68 vllm
1415191 1416318  48 vllm
1415191 1416319  50 vllm
1415191 1416320  58 vllm
1415191 1416321  63 vllm
1415191 1416322  48 vllm
1415191 1416323  51 vllm
1415191 1416324  59 vllm
1415191 1416325  48 vllm
1415191 1416326  66 vllm
1415191 1416327  66 vllm
1415191 1416328 101 vllm
1415191 1416329 102 vllm
1415191 1416330  48 vllm
1415191 1416331 103 vllm
1415191 1416332 104 vllm
1415191 1416333  70 vllm
1415191 1416334 131 vllm
1415191 1416335 105 vllm
1415191 1416336 106 vllm
1415191 1416337 108 vllm
1415191 1416338 112 vllm
1415191 1416339 114 vllm
1415191 1416340 115 vllm
1415191 1416341 116 vllm
1415191 1416342 116 vllm
1415191 1416343 118 vllm
1415191 1416344 119 vllm
1415191 1416345  48 vllm
1415191 1416346 117 vllm
1415191 1416347 132 vllm
1415191 1416348  48 vllm
1415191 1416349 131 vllm
1415191 1416350 133 vllm
1415191 1416351 134 vllm
1415191 1416462 145 ZMQbg/Reaper
1415191 1416463 144 ZMQbg/IO/0
1415191 1416464 165 ZMQbg/IO/1
1415191 1420943  53 vllm
1415191 1420944  49 vllm
1415191 1422610  50 vllm
