    PID     TID PSR COMMAND
1415197 1415197  83 vllm
1415197 1415289 158 PlogFlush
1415197 1415290 147 WatchdogMonitor
1415197 1415291 151 AtraceMonitor
1415197 1415527  75 iou-sqp-1073334
1415197 1415961  73 vllm
1415197 1415962  74 vllm
1415197 1415963  76 vllm
1415197 1415964  78 vllm
1415197 1415965  83 vllm
1415197 1415966  84 vllm
1415197 1415967  85 vllm
1415197 1415968  86 vllm
1415197 1415969  87 vllm
1415197 1415970  88 vllm
1415197 1415971  89 vllm
1415197 1415972  90 vllm
1415197 1415973  92 vllm
1415197 1415974  93 vllm
1415197 1415975  94 vllm
1415197 1415976  95 vllm
1415197 1415977  75 vllm
1415197 1415978  81 vllm
1415197 1415979  80 vllm
1415197 1415980  81 vllm
1415197 1415981  82 vllm
1415197 1415982  91 vllm
1415197 1415983  85 vllm
1415197 1415984  90 vllm
1415197 1415985  89 vllm
1415197 1415986  88 vllm
1415197 1415987  74 vllm
1415197 1415988  76 vllm
1415197 1415989  78 vllm
1415197 1415990  75 vllm
1415197 1415991  79 vllm
1415197 1415992  80 vllm
1415197 1415993  81 vllm
1415197 1415994  82 vllm
1415197 1415995  83 vllm
1415197 1415996  91 vllm
1415197 1415997  84 vllm
1415197 1415998  87 vllm
1415197 1415999  92 vllm
1415197 1416000  93 vllm
1415197 1416001  94 vllm
1415197 1416002  95 vllm
1415197 1416003  73 vllm
1415197 1416004  87 vllm
1415197 1416005  74 vllm
1415197 1416006  74 vllm
1415197 1416007  79 vllm
1415197 1416008  80 vllm
1415197 1416009  86 vllm
1415197 1416010  76 vllm
1415197 1416011  83 vllm
1415197 1416012  78 vllm
1415197 1416013  91 vllm
1415197 1416014  84 vllm
1415197 1416015  85 vllm
1415197 1416016  90 vllm
1415197 1416017  87 vllm
1415197 1416018  89 vllm
1415197 1416019  93 vllm
1415197 1416020  74 vllm
1415197 1416021  88 vllm
1415197 1416022  94 vllm
1415197 1416023  92 vllm
1415197 1416024  82 vllm
1415197 1416025  78 vllm
1415197 1416026  75 vllm
1415197 1416027  79 vllm
1415197 1416028  80 vllm
1415197 1416029  73 vllm
1415197 1416030  84 vllm
1415197 1416031  74 vllm
1415197 1416032  86 vllm
1415197 1416033  78 vllm
1415197 1416034  75 vllm
1415197 1416035  91 vllm
1415197 1416036  85 vllm
1415197 1416037  80 vllm
1415197 1416038  94 vllm
1415197 1416039  74 vllm
1415197 1416040  73 vllm
1415197 1416041  95 vllm
1415197 1416042  88 vllm
1415197 1416043  82 vllm
1415197 1416044  92 vllm
1415197 1416045  79 vllm
1415197 1416046  80 vllm
1415197 1416047  89 vllm
1415197 1416048  84 vllm
1415197 1416049  76 vllm
1415197 1416050  87 vllm
1415197 1416051  83 vllm
1415197 1416052  90 vllm
1415197 1416053  93 vllm
1415197 1416054  72 vllm
1415197 1416055  72 vllm
1415197 1416056  93 vllm
1415197 1416057  89 vllm
1415197 1416058  76 vllm
1415197 1416059  86 vllm
1415197 1416060  86 vllm
1415197 1416061  88 vllm
1415197 1416062  72 vllm
1415197 1416063  83 vllm
1415197 1416064  94 vllm
1415197 1416065  92 vllm
1415197 1416066  86 vllm
1415197 1416067  85 vllm
1415197 1416068  95 vllm
1415197 1416069  72 vllm
1415197 1416070  82 vllm
1415197 1416071  91 vllm
1415197 1416072  72 vllm
1415197 1416073  79 vllm
1415197 1416074  90 vllm
1415197 1416075  89 vllm
1415197 1416076  85 vllm
1415197 1416077  88 vllm
1415197 1416078  72 vllm
1415197 1416079  83 vllm
1415197 1416080  90 vllm
1415197 1416081  93 vllm
1415197 1416082  92 vllm
1415197 1416083  95 vllm
1415197 1416084  75 vllm
1415197 1416085  91 vllm
1415197 1416086  82 vllm
1415197 1416087  73 vllm
1415197 1416088  76 vllm
1415197 1416089  73 vllm
1415197 1416090  75 vllm
1415197 1416091  94 vllm
1415197 1416092  82 vllm
1415197 1416093  91 vllm
1415197 1416094  95 vllm
1415197 1416095  73 vllm
1415197 1416096  84 vllm
1415197 1416097  85 vllm
1415197 1416098  85 vllm
1415197 1416099  89 vllm
1415197 1416100  95 vllm
1415197 1416101  73 vllm
1415197 1416102  84 vllm
1415197 1416103  76 vllm
1415197 1416104  73 vllm
1415197 1416105  79 vllm
1415197 1416106  75 vllm
1415197 1416107  90 vllm
1415197 1416108  79 vllm
1415197 1416109  75 vllm
1415197 1416110  88 vllm
1415197 1416111  73 vllm
1415197 1416112  91 vllm
1415197 1416113  91 vllm
1415197 1416114  83 vllm
1415197 1416115  94 vllm
1415197 1416116  93 vllm
1415197 1416117  82 vllm
1415197 1416118  78 vllm
1415197 1416119  85 vllm
1415197 1416120  93 vllm
1415197 1416121  86 vllm
1415197 1416122  92 vllm
1415197 1416123  51 vllm
1415197 1416124  76 vllm
1415197 1416125  91 vllm
1415197 1416126  94 vllm
1415197 1416127  84 vllm
1415197 1416128  90 vllm
1415197 1416129  95 vllm
1415197 1416130  88 vllm
1415197 1416131  75 vllm
1415197 1416132  84 vllm
1415197 1416133  84 vllm
1415197 1416134  92 vllm
1415197 1416135  92 vllm
1415197 1416136  88 vllm
1415197 1416137  83 vllm
1415197 1416138  82 vllm
1415197 1416139  83 vllm
1415197 1416140  79 vllm
1415197 1416141  78 vllm
1415197 1416142  86 vllm
1415197 1416143  89 vllm
1415197 1416144  89 vllm
1415197 1416145  96 vllm
1415197 1416146  89 vllm
1415197 1416147  90 vllm
1415197 1416148  78 vllm
1415197 1416149  93 vllm
1415197 1416150  79 vllm
1415197 1416151  75 vllm
1415197 1416152  82 vllm
1415197 1416442  73 ZMQbg/Reaper
1415197 1416443  74 ZMQbg/IO/0
1415197 1416444  90 ZMQbg/IO/1
1415197 1420371  91 vllm
1415197 1420372  90 vllm
1415197 1422318  90 vllm
