    PID     TID PSR COMMAND
3033106 3033106  36 vllm
3033106 3033127  14 PlogFlush
3033106 3033128  32 WatchdogMonitor
3033106 3033129  29 AtraceMonitor
3033106 3033327  25 iou-sqp-538430
3033106 3033345  25 vllm
3033106 3033346  26 vllm
3033106 3033347  27 vllm
3033106 3033348  28 vllm
3033106 3033349  29 vllm
3033106 3033350  30 vllm
3033106 3033351  31 vllm
3033106 3033352  33 vllm
3033106 3033353  34 vllm
3033106 3033354  35 vllm
3033106 3033355  36 vllm
3033106 3033356  37 vllm
3033106 3033357  38 vllm
3033106 3033358  40 vllm
3033106 3033359  32 vllm
3033106 3033360  39 vllm
3033106 3033361  41 vllm
3033106 3033362  42 vllm
3033106 3033363  43 vllm
3033106 3033364  44 vllm
3033106 3033365  45 vllm
3033106 3033366  47 vllm
3033106 3033367  46 vllm
3033106 3033368  25 vllm
3033106 3033369  26 vllm
3033106 3033370  27 vllm
3033106 3033371  35 vllm
3033106 3033372  29 vllm
3033106 3033373  38 vllm
3033106 3033374  28 vllm
3033106 3033375  30 vllm
3033106 3033376  47 vllm
3033106 3033377  44 vllm
3033106 3033378  31 vllm
3033106 3033379  45 vllm
3033106 3033380  36 vllm
3033106 3033381  40 vllm
3033106 3033382  32 vllm
3033106 3033383  37 vllm
3033106 3033384  39 vllm
3033106 3033385  41 vllm
3033106 3033386  42 vllm
3033106 3033387  43 vllm
3033106 3033388  33 vllm
3033106 3033389  34 vllm
3033106 3033390  46 vllm
3033106 3033391  30 vllm
3033106 3033392  33 vllm
3033106 3033393  31 vllm
3033106 3033394  34 vllm
3033106 3033395  36 vllm
3033106 3033396  40 vllm
3033106 3033397  32 vllm
3033106 3033398  37 vllm
3033106 3033399  39 vllm
3033106 3033400  41 vllm
3033106 3033401  42 vllm
3033106 3033402  28 vllm
3033106 3033403  43 vllm
3033106 3033404  29 vllm
3033106 3033405  27 vllm
3033106 3033406  35 vllm
3033106 3033407  25 vllm
3033106 3033408  26 vllm
3033106 3033409  38 vllm
3033106 3033410  44 vllm
3033106 3033411  47 vllm
3033106 3033412  45 vllm
3033106 3033413  46 vllm
3033106 3033414  29 vllm
3033106 3033415  36 vllm
3033106 3033416  37 vllm
3033106 3033417  41 vllm
3033106 3033418  42 vllm
3033106 3033419  28 vllm
3033106 3033420  36 vllm
3033106 3033421  40 vllm
3033106 3033422  43 vllm
3033106 3033423  27 vllm
3033106 3033424  31 vllm
3033106 3033425  26 vllm
3033106 3033426  32 vllm
3033106 3033427  40 vllm
3033106 3033428  38 vllm
3033106 3033429  44 vllm
3033106 3033430  47 vllm
3033106 3033431  45 vllm
3033106 3033432  46 vllm
3033106 3033433  30 vllm
3033106 3033434  25 vllm
3033106 3033435  34 vllm
3033106 3033436  35 vllm
3033106 3033437  33 vllm
3033106 3033438  35 vllm
3033106 3033439  29 vllm
3033106 3033440  30 vllm
3033106 3033441  40 vllm
3033106 3033442  25 vllm
3033106 3033443  28 vllm
3033106 3033444  39 vllm
3033106 3033445  41 vllm
3033106 3033446  31 vllm
3033106 3033447  26 vllm
3033106 3033448  27 vllm
3033106 3033449  32 vllm
3033106 3033450  43 vllm
3033106 3033451  38 vllm
3033106 3033452  44 vllm
3033106 3033453  41 vllm
3033106 3033454  37 vllm
3033106 3033455  47 vllm
3033106 3033456  45 vllm
3033106 3033457  46 vllm
3033106 3033458  28 vllm
3033106 3033459  25 vllm
3033106 3033460  34 vllm
3033106 3033461  37 vllm
3033106 3033462  35 vllm
3033106 3033463  24 vllm
3033106 3033464  33 vllm
3033106 3033465  29 vllm
3033106 3033466  30 vllm
3033106 3033467  34 vllm
3033106 3033468  35 vllm
3033106 3033469  33 vllm
3033106 3033470  32 vllm
3033106 3033471  32 vllm
3033106 3033472  39 vllm
3033106 3033473  25 vllm
3033106 3033474  24 vllm
3033106 3033475  26 vllm
3033106 3033476  24 vllm
3033106 3033477  45 vllm
3033106 3033478  27 vllm
3033106 3033479  43 vllm
3033106 3033480  38 vllm
3033106 3033481  44 vllm
3033106 3033482 156 vllm
3033106 3033483  42 vllm
3033106 3033484  37 vllm
3033106 3033485  47 vllm
3033106 3033486  35 vllm
3033106 3033487  46 vllm
3033106 3033488  28 vllm
3033106 3033489  42 vllm
3033106 3033490  33 vllm
3033106 3033491  42 vllm
3033106 3033492  31 vllm
3033106 3033493  34 vllm
3033106 3033494  36 vllm
3033106 3033495  36 vllm
3033106 3033496  31 vllm
3033106 3033497  29 vllm
3033106 3033498  30 vllm
3033106 3033499  26 vllm
3033106 3033500  27 vllm
3033106 3033501  43 vllm
3033106 3033502  38 vllm
3033106 3033503  31 vllm
3033106 3033504  39 vllm
3033106 3033505  39 vllm
3033106 3033506  45 vllm
3033106 3033507  32 vllm
3033106 3033508  47 vllm
3033106 3033509  41 vllm
3033106 3033510  44 vllm
3033106 3033511  41 vllm
3033106 3033512  46 vllm
3033106 3033513  42 vllm
3033106 3033514  37 vllm
3033106 3033515  46 vllm
3033106 3033516  33 vllm
3033106 3033517  34 vllm
3033106 3033518  47 vllm
3033106 3033519   0 vllm
3033106 3033520  27 vllm
3033106 3033521  27 vllm
3033106 3033522  43 vllm
3033106 3033523 117 vllm
3033106 3033524  31 vllm
3033106 3033525  40 vllm
3033106 3033526  29 vllm
3033106 3033527  28 vllm
3033106 3033528  30 vllm
3033106 3033529  26 vllm
3033106 3033530  25 vllm
3033106 3033531  45 vllm
3033106 3033532  36 vllm
3033106 3033533  32 vllm
3033106 3033534  38 vllm
3033106 3033535  44 vllm
3033106 3033536  39 vllm
3033106 3033575  25 ZMQbg/Reaper
3033106 3033576  37 ZMQbg/IO/0
3033106 3033577  28 ZMQbg/IO/1
3033106 3037255  36 vllm
3033106 3037256  47 vllm
3033106 3041593  27 vllm
