    PID     TID PSR COMMAND
1422110 1422110  76 vllm
1422110 1422161  83 PlogFlush
1422110 1422162   2 WatchdogMonitor
1422110 1422163  17 AtraceMonitor
1422110 1422588  49 iou-sqp-1087705
1422110 1422975  49 vllm
1422110 1422976  50 vllm
1422110 1422977  51 vllm
1422110 1422978  52 vllm
1422110 1422979  53 vllm
1422110 1422980  55 vllm
1422110 1422981  57 vllm
1422110 1422982  58 vllm
1422110 1422983  59 vllm
1422110 1422984  60 vllm
1422110 1422985  61 vllm
1422110 1422986  63 vllm
1422110 1422987  64 vllm
1422110 1422988  65 vllm
1422110 1422989  66 vllm
1422110 1422990  67 vllm
1422110 1422991  68 vllm
1422110 1422992  69 vllm
1422110 1422993  70 vllm
1422110 1422994  56 vllm
1422110 1422995  62 vllm
1422110 1422996  71 vllm
1422110 1422997  54 vllm
1422110 1422998  49 vllm
1422110 1422999  56 vllm
1422110 1423000  50 vllm
1422110 1423001  51 vllm
1422110 1423002  58 vllm
1422110 1423003  59 vllm
1422110 1423004  60 vllm
1422110 1423005  61 vllm
1422110 1423006  63 vllm
1422110 1423007  67 vllm
1422110 1423008  68 vllm
1422110 1423009  69 vllm
1422110 1423010  70 vllm
1422110 1423011  55 vllm
1422110 1423012  52 vllm
1422110 1423013  53 vllm
1422110 1423014  57 vllm
1422110 1423015  65 vllm
1422110 1423016  64 vllm
1422110 1423017  66 vllm
1422110 1423018  62 vllm
1422110 1423019  71 vllm
1422110 1423020  54 vllm
1422110 1423021  55 vllm
1422110 1423022  50 vllm
1422110 1423023  51 vllm
1422110 1423024  49 vllm
1422110 1423025  52 vllm
1422110 1423026  53 vllm
1422110 1423027  57 vllm
1422110 1423028  58 vllm
1422110 1423029  59 vllm
1422110 1423030  60 vllm
1422110 1423031  61 vllm
1422110 1423032  64 vllm
1422110 1423033  63 vllm
1422110 1423034  66 vllm
1422110 1423035  65 vllm
1422110 1423036  71 vllm
1422110 1423037  62 vllm
1422110 1423038  54 vllm
1422110 1423039  67 vllm
1422110 1423040  70 vllm
1422110 1423041  68 vllm
1422110 1423042  69 vllm
1422110 1423043  56 vllm
1422110 1423044  63 vllm
1422110 1423045  67 vllm
1422110 1423046  68 vllm
1422110 1423047  70 vllm
1422110 1423048  56 vllm
1422110 1423049  69 vllm
1422110 1423050  49 vllm
1422110 1423051  60 vllm
1422110 1423052  62 vllm
1422110 1423053  50 vllm
1422110 1423054  51 vllm
1422110 1423055  58 vllm
1422110 1423056  59 vllm
1422110 1423057  65 vllm
1422110 1423058  66 vllm
1422110 1423059  64 vllm
1422110 1423060  71 vllm
1422110 1423061  54 vllm
1422110 1423062  53 vllm
1422110 1423063  52 vllm
1422110 1423064  57 vllm
1422110 1423065  55 vllm
1422110 1423066  51 vllm
1422110 1423067  53 vllm
1422110 1423068  52 vllm
1422110 1423069  57 vllm
1422110 1423070  55 vllm
1422110 1423071  50 vllm
1422110 1423072  58 vllm
1422110 1423073  59 vllm
1422110 1423074  49 vllm
1422110 1423075  54 vllm
1422110 1423076  64 vllm
1422110 1423077  60 vllm
1422110 1423078  61 vllm
1422110 1423079  66 vllm
1422110 1423080  71 vllm
1422110 1423081  65 vllm
1422110 1423082  56 vllm
1422110 1423083  61 vllm
1422110 1423084  60 vllm
1422110 1423085  49 vllm
1422110 1423086  70 vllm
1422110 1423087  50 vllm
1422110 1423088  67 vllm
1422110 1423089  56 vllm
1422110 1423090  65 vllm
1422110 1423091  70 vllm
1422110 1423092  69 vllm
1422110 1423093  61 vllm
1422110 1423094  67 vllm
1422110 1423095  63 vllm
1422110 1423096  68 vllm
1422110 1423097  69 vllm
1422110 1423098  62 vllm
1422110 1423099  66 vllm
1422110 1423100  63 vllm
1422110 1423101  58 vllm
1422110 1423102  68 vllm
1422110 1423103  59 vllm
1422110 1423104  51 vllm
1422110 1423105  53 vllm
1422110 1423106  52 vllm
1422110 1423107  55 vllm
1422110 1423108  57 vllm
1422110 1423109  64 vllm
1422110 1423110  62 vllm
1422110 1423111  71 vllm
1422110 1423112  54 vllm
1422110 1423113  50 vllm
1422110 1423114  49 vllm
1422110 1423115  64 vllm
1422110 1423116  71 vllm
1422110 1423117  57 vllm
1422110 1423118  54 vllm
1422110 1423119  55 vllm
1422110 1423120  52 vllm
1422110 1423121  66 vllm
1422110 1423122  60 vllm
1422110 1423123  51 vllm
1422110 1423124  48 vllm
1422110 1423125  63 vllm
1422110 1423126  49 vllm
1422110 1423127  66 vllm
1422110 1423128  60 vllm
1422110 1423129  63 vllm
1422110 1423130  58 vllm
1422110 1423131  51 vllm
1422110 1423132  48 vllm
1422110 1423133  59 vllm
1422110 1423134  62 vllm
1422110 1423135  56 vllm
1422110 1423136  70 vllm
1422110 1423137  61 vllm
1422110 1423138  65 vllm
1422110 1423139  67 vllm
1422110 1423140  69 vllm
1422110 1423141  68 vllm
1422110 1423142  53 vllm
1422110 1423143  50 vllm
1422110 1423144  58 vllm
1422110 1423145  52 vllm
1422110 1423146  55 vllm
1422110 1423147  64 vllm
1422110 1423148  71 vllm
1422110 1423149  59 vllm
1422110 1423150  57 vllm
1422110 1423151  53 vllm
1422110 1423152  31 vllm
1422110 1423153  30 vllm
1422110 1423154  62 vllm
1422110 1423155  54 vllm
1422110 1423156  57 vllm
1422110 1423157   6 vllm
1422110 1423158  56 vllm
1422110 1423159  65 vllm
1422110 1423160  65 vllm
1422110 1423161  62 vllm
1422110 1423162  67 vllm
1422110 1423163  70 vllm
1422110 1423164  33 vllm
1422110 1423165  54 vllm
1422110 1423166  56 vllm
1422110 1423244  49 ZMQbg/Reaper
1422110 1423245  50 ZMQbg/IO/0
1422110 1423246  52 ZMQbg/IO/1
1422110 1426091  76 vllm
1422110 1426092  53 vllm
1422110 1428630  84 vllm
