    PID     TID PSR COMMAND
2948966 2948966 160 vllm
2948966 2949060  11 PlogFlush
2948966 2949061  52 WatchdogMonitor
2948966 2949062  11 AtraceMonitor
2948966 2949414 170 iou-sqp-342219
2948966 2949645 172 vllm
2948966 2949646 174 vllm
2948966 2949647 177 vllm
2948966 2949648 178 vllm
2948966 2949649 184 vllm
2948966 2949650 188 vllm
2948966 2949651 191 vllm
2948966 2949652 173 vllm
2948966 2949653 176 vllm
2948966 2949654 182 vllm
2948966 2949655 183 vllm
2948966 2949656 185 vllm
2948966 2949657 187 vllm
2948966 2949658 190 vllm
2948966 2949659 180 vllm
2948966 2949660 170 vllm
2948966 2949661 179 vllm
2948966 2949662 181 vllm
2948966 2949663 186 vllm
2948966 2949664 171 vllm
2948966 2949665 189 vllm
2948966 2949666 175 vllm
2948966 2949667 173 vllm
2948966 2949668 176 vllm
2948966 2949669 191 vllm
2948966 2949670 172 vllm
2948966 2949671 173 vllm
2948966 2949672 168 vllm
2948966 2949673 181 vllm
2948966 2949674 186 vllm
2948966 2949675 179 vllm
2948966 2949676 189 vllm
2948966 2949677 170 vllm
2948966 2949678 171 vllm
2948966 2949679 174 vllm
2948966 2949680 177 vllm
2948966 2949681 180 vllm
2948966 2949682 168 vllm
2948966 2949683 183 vllm
2948966 2949684 184 vllm
2948966 2949685 190 vllm
2948966 2949686 182 vllm
2948966 2949687 185 vllm
2948966 2949688 187 vllm
2948966 2949689 178 vllm
2948966 2949690 188 vllm
2948966 2949691 175 vllm
2948966 2949692 179 vllm
2948966 2949693 189 vllm
2948966 2949694 174 vllm
2948966 2949695 183 vllm
2948966 2949696 177 vllm
2948966 2949697 183 vllm
2948966 2949698 184 vllm
2948966 2949699 190 vllm
2948966 2949700 172 vllm
2948966 2949701 185 vllm
2948966 2949702 187 vllm
2948966 2949703 180 vllm
2948966 2949704 178 vllm
2948966 2949705 188 vllm
2948966 2949706 175 vllm
2948966 2949707 181 vllm
2948966 2949708 186 vllm
2948966 2949709 176 vllm
2948966 2949710 191 vllm
2948966 2949711 170 vllm
2948966 2949712 182 vllm
2948966 2949713 171 vllm
2948966 2949714 168 vllm
2948966 2949715 177 vllm
2948966 2949716 169 vllm
2948966 2949717 181 vllm
2948966 2949718 186 vllm
2948966 2949719 190 vllm
2948966 2949720 168 vllm
2948966 2949721 180 vllm
2948966 2949722 169 vllm
2948966 2949723 178 vllm
2948966 2949724 185 vllm
2948966 2949725 175 vllm
2948966 2949726 188 vllm
2948966 2949727 187 vllm
2948966 2949728 184 vllm
2948966 2949729 169 vllm
2948966 2949730 191 vllm
2948966 2949731 174 vllm
2948966 2949732 170 vllm
2948966 2949733 169 vllm
2948966 2949734 182 vllm
2948966 2949735 189 vllm
2948966 2949736 174 vllm
2948966 2949737 177 vllm
2948966 2949738 181 vllm
2948966 2949739 169 vllm
2948966 2949740 169 vllm
2948966 2949741 187 vllm
2948966 2949742 100 vllm
2948966 2949743 189 vllm
2948966 2949744 180 vllm
2948966 2949745 172 vllm
2948966 2949746 172 vllm
2948966 2949747 176 vllm
2948966 2949748 186 vllm
2948966 2949749 179 vllm
2948966 2949750 175 vllm
2948966 2949751 171 vllm
2948966 2949752 190 vllm
2948966 2949753 184 vllm
2948966 2949754 185 vllm
2948966 2949755 191 vllm
2948966 2949756 171 vllm
2948966 2949757 170 vllm
2948966 2949758 176 vllm
2948966 2949759 168 vllm
2948966 2949760 181 vllm
2948966 2949761 171 vllm
2948966 2949762 169 vllm
2948966 2949763 180 vllm
2948966 2949764 190 vllm
2948966 2949765 177 vllm
2948966 2949766 178 vllm
2948966 2949767 173 vllm
2948966 2949768 172 vllm
2948966 2949769 178 vllm
2948966 2949770 180 vllm
2948966 2949771 179 vllm
2948966 2949772 189 vllm
2948966 2949773 172 vllm
2948966 2949774 169 vllm
2948966 2949775 174 vllm
2948966 2949776 187 vllm
2948966 2949777 184 vllm
2948966 2949778 173 vllm
2948966 2949779 175 vllm
2948966 2949780 171 vllm
2948966 2949781 183 vllm
2948966 2949782 173 vllm
2948966 2949783 176 vllm
2948966 2949784 176 vllm
2948966 2949785 174 vllm
2948966 2949786 183 vllm
2948966 2949787 185 vllm
2948966 2949788 169 vllm
2948966 2949789 182 vllm
2948966 2949790 182 vllm
2948966 2949791 191 vllm
2948966 2949792 191 vllm
2948966 2949793 171 vllm
2948966 2949794 185 vllm
2948966 2949795 186 vllm
2948966 2949796 170 vllm
2948966 2949797 170 vllm
2948966 2949798 175 vllm
2948966 2949799 173 vllm
2948966 2949800 184 vllm
2948966 2949801 189 vllm
2948966 2949802 189 vllm
2948966 2949803 179 vllm
2948966 2949804 170 vllm
2948966 2949805 171 vllm
2948966 2949806 189 vllm
2948966 2949807 171 vllm
2948966 2949808 172 vllm
2948966 2949809 178 vllm
2948966 2949810 178 vllm
2948966 2949811 187 vllm
2948966 2949812 185 vllm
2948966 2949813 174 vllm
2948966 2949814 171 vllm
2948966 2949815 183 vllm
2948966 2949816 179 vllm
2948966 2949817 180 vllm
2948966 2949818 168 vllm
2948966 2949819 175 vllm
2948966 2949820 176 vllm
2948966 2949821 168 vllm
2948966 2949822 191 vllm
2948966 2949823  63 vllm
2948966 2949824 182 vllm
2948966 2949825 170 vllm
2948966 2949826 182 vllm
2948966 2949827 190 vllm
2948966 2949828 184 vllm
2948966 2949829  52 vllm
2948966 2949830 179 vllm
2948966 2949831 191 vllm
2948966 2949832 180 vllm
2948966 2949833 170 vllm
2948966 2949834  53 vllm
2948966 2949835 176 vllm
2948966 2949836 169 vllm
2948966 2950447 189 ZMQbg/Reaper
2948966 2950448 161 ZMQbg/IO/0
2948966 2950449 151 ZMQbg/IO/1
2948966 2956755 150 vllm
2948966 2956756 169 vllm
2948966 2958898 162 vllm
