    PID     TID PSR COMMAND
2959466 2959466 150 vllm
2959466 2959527 168 PlogFlush
2959466 2959528 147 WatchdogMonitor
2959466 2959529 175 AtraceMonitor
2959466 2960201 172 iou-sqp-364637
2959466 2960359 169 vllm
2959466 2960360 168 vllm
2959466 2960361 176 vllm
2959466 2960362 177 vllm
2959466 2960363 184 vllm
2959466 2960364 186 vllm
2959466 2960365 188 vllm
2959466 2960366 174 vllm
2959466 2960367 182 vllm
2959466 2960368 178 vllm
2959466 2960369 171 vllm
2959466 2960370 181 vllm
2959466 2960371 170 vllm
2959466 2960372 180 vllm
2959466 2960373 185 vllm
2959466 2960374 189 vllm
2959466 2960375 172 vllm
2959466 2960376 173 vllm
2959466 2960377 179 vllm
2959466 2960378 183 vllm
2959466 2960379 190 vllm
2959466 2960380 169 vllm
2959466 2960381 182 vllm
2959466 2960382 191 vllm
2959466 2960383 168 vllm
2959466 2960384 174 vllm
2959466 2960385 181 vllm
2959466 2960386 184 vllm
2959466 2960387 185 vllm
2959466 2960388 176 vllm
2959466 2960389 188 vllm
2959466 2960390 171 vllm
2959466 2960391 190 vllm
2959466 2960392 172 vllm
2959466 2960393 173 vllm
2959466 2960394 179 vllm
2959466 2960395 180 vllm
2959466 2960396 183 vllm
2959466 2960397 178 vllm
2959466 2960398 186 vllm
2959466 2960399 177 vllm
2959466 2960400 189 vllm
2959466 2960401 170 vllm
2959466 2960402 191 vllm
2959466 2960403 175 vllm
2959466 2960404 176 vllm
2959466 2960405 169 vllm
2959466 2960406 168 vllm
2959466 2960407 170 vllm
2959466 2960408 182 vllm
2959466 2960409 171 vllm
2959466 2960410 188 vllm
2959466 2960411 184 vllm
2959466 2960412 178 vllm
2959466 2960413 186 vllm
2959466 2960414 173 vllm
2959466 2960415 177 vllm
2959466 2960416 189 vllm
2959466 2960417 170 vllm
2959466 2960418 190 vllm
2959466 2960419 191 vllm
2959466 2960420 175 vllm
2959466 2960421 172 vllm
2959466 2960422 179 vllm
2959466 2960423 183 vllm
2959466 2960424 174 vllm
2959466 2960425 180 vllm
2959466 2960426 181 vllm
2959466 2960427 185 vllm
2959466 2960428 175 vllm
2959466 2960429 184 vllm
2959466 2960430 182 vllm
2959466 2960431 188 vllm
2959466 2960432 174 vllm
2959466 2960433 170 vllm
2959466 2960434 173 vllm
2959466 2960435 168 vllm
2959466 2960436 189 vllm
2959466 2960437 177 vllm
2959466 2960438 191 vllm
2959466 2960439 185 vllm
2959466 2960440 186 vllm
2959466 2960441 180 vllm
2959466 2960442 182 vllm
2959466 2960443 172 vllm
2959466 2960444 179 vllm
2959466 2960445 191 vllm
2959466 2960446 171 vllm
2959466 2960447 178 vllm
2959466 2960448 183 vllm
2959466 2960449 171 vllm
2959466 2960450 181 vllm
2959466 2960451 181 vllm
2959466 2960452 187 vllm
2959466 2960453 169 vllm
2959466 2960454 184 vllm
2959466 2960455 180 vllm
2959466 2960456 188 vllm
2959466 2960457 174 vllm
2959466 2960458 181 vllm
2959466 2960459 172 vllm
2959466 2960460 190 vllm
2959466 2960461 173 vllm
2959466 2960462 173 vllm
2959466 2960463 189 vllm
2959466 2960464 179 vllm
2959466 2960465 183 vllm
2959466 2960466 178 vllm
2959466 2960467 175 vllm
2959466 2960468 186 vllm
2959466 2960469 177 vllm
2959466 2960470 176 vllm
2959466 2960471 185 vllm
2959466 2960472 169 vllm
2959466 2960473 172 vllm
2959466 2960474 168 vllm
2959466 2960475 190 vllm
2959466 2960476 179 vllm
2959466 2960477 171 vllm
2959466 2960478 154 vllm
2959466 2960479 184 vllm
2959466 2960480 183 vllm
2959466 2960481 178 vllm
2959466 2960482 169 vllm
2959466 2960483 188 vllm
2959466 2960484 180 vllm
2959466 2960485 173 vllm
2959466 2960486 174 vllm
2959466 2960487 184 vllm
2959466 2960488 185 vllm
2959466 2960489 169 vllm
2959466 2960490 187 vllm
2959466 2960491 172 vllm
2959466 2960492 185 vllm
2959466 2960493 175 vllm
2959466 2960494 168 vllm
2959466 2960495 189 vllm
2959466 2960496 186 vllm
2959466 2960497 187 vllm
2959466 2960498 183 vllm
2959466 2960499 179 vllm
2959466 2960500 177 vllm
2959466 2960501 168 vllm
2959466 2960502 177 vllm
2959466 2960503 176 vllm
2959466 2960504  14 vllm
2959466 2960505  15 vllm
2959466 2960506 178 vllm
2959466 2960507 182 vllm
2959466 2960508 188 vllm
2959466 2960509 168 vllm
2959466 2960510 174 vllm
2959466 2960511 173 vllm
2959466 2960512 180 vllm
2959466 2960513 189 vllm
2959466 2960514 190 vllm
2959466 2960515 186 vllm
2959466 2960516 172 vllm
2959466 2960517  96 vllm
2959466 2960518 175 vllm
2959466 2960519 191 vllm
2959466 2960520 182 vllm
2959466 2960521 169 vllm
2959466 2960522 190 vllm
2959466 2960523 157 vllm
2959466 2960524 185 vllm
2959466 2960525 185 vllm
2959466 2960526 191 vllm
2959466 2960527 183 vllm
2959466 2960528 183 vllm
2959466 2960529 179 vllm
2959466 2960530 190 vllm
2959466 2960531 183 vllm
2959466 2960532 191 vllm
2959466 2960533 177 vllm
2959466 2960534 171 vllm
2959466 2960535 176 vllm
2959466 2960536 171 vllm
2959466 2960537 169 vllm
2959466 2960538 172 vllm
2959466 2960539 189 vllm
2959466 2960540 189 vllm
2959466 2960541 176 vllm
2959466 2960542 186 vllm
2959466 2960543 178 vllm
2959466 2960544 181 vllm
2959466 2960545 168 vllm
2959466 2960546 174 vllm
2959466 2960547 170 vllm
2959466 2960548 170 vllm
2959466 2960549 188 vllm
2959466 2960550 182 vllm
2959466 2960665 169 ZMQbg/Reaper
2959466 2960666 168 ZMQbg/IO/0
2959466 2960667 147 ZMQbg/IO/1
2959466 2966673 148 vllm
2959466 2966674 180 vllm
2959466 2968481 152 vllm
