    PID     TID PSR COMMAND
2996584 2996584 105 vllm
2996584 2996613  75 PlogFlush
2996584 2996614  82 WatchdogMonitor
2996584 2996615  81 AtraceMonitor
2996584 2996704  94 iou-sqp-455425
2996584 2996873  94 vllm
2996584 2996874  95 vllm
2996584 2996875  72 vllm
2996584 2996876  73 vllm
2996584 2996877  76 vllm
2996584 2996878  77 vllm
2996584 2996879  78 vllm
2996584 2996880  79 vllm
2996584 2996881  80 vllm
2996584 2996882  81 vllm
2996584 2996883  82 vllm
2996584 2996884  83 vllm
2996584 2996885  84 vllm
2996584 2996886  85 vllm
2996584 2996887  86 vllm
2996584 2996888  88 vllm
2996584 2996889  89 vllm
2996584 2996890  91 vllm
2996584 2996891  92 vllm
2996584 2996892  87 vllm
2996584 2996893  75 vllm
2996584 2996894  74 vllm
2996584 2996895  90 vllm
2996584 2996896  94 vllm
2996584 2996897  83 vllm
2996584 2996898  84 vllm
2996584 2996899  81 vllm
2996584 2996900  86 vllm
2996584 2996901  82 vllm
2996584 2996902  85 vllm
2996584 2996903  77 vllm
2996584 2996904  72 vllm
2996584 2996905  92 vllm
2996584 2996906  73 vllm
2996584 2996907  87 vllm
2996584 2996908  77 vllm
2996584 2996909  78 vllm
2996584 2996910  79 vllm
2996584 2996911  80 vllm
2996584 2996912  88 vllm
2996584 2996913  89 vllm
2996584 2996914  91 vllm
2996584 2996915  95 vllm
2996584 2996916  74 vllm
2996584 2996917  75 vllm
2996584 2996918  90 vllm
2996584 2996919  95 vllm
2996584 2996920  94 vllm
2996584 2996921  76 vllm
2996584 2996922  86 vllm
2996584 2996923  72 vllm
2996584 2996924  92 vllm
2996584 2996925  79 vllm
2996584 2996926  73 vllm
2996584 2996927  81 vllm
2996584 2996928  82 vllm
2996584 2996929  84 vllm
2996584 2996930  78 vllm
2996584 2996931  80 vllm
2996584 2996932  84 vllm
2996584 2996933  89 vllm
2996584 2996934  88 vllm
2996584 2996935  91 vllm
2996584 2996936  87 vllm
2996584 2996937  77 vllm
2996584 2996938  74 vllm
2996584 2996939  75 vllm
2996584 2996940  85 vllm
2996584 2996941  90 vllm
2996584 2996942  94 vllm
2996584 2996943  83 vllm
2996584 2996944  76 vllm
2996584 2996945  77 vllm
2996584 2996946  95 vllm
2996584 2996947  92 vllm
2996584 2996948  79 vllm
2996584 2996949  73 vllm
2996584 2996950  81 vllm
2996584 2996951  72 vllm
2996584 2996952  82 vllm
2996584 2996953  85 vllm
2996584 2996954  86 vllm
2996584 2996955  78 vllm
2996584 2996956  80 vllm
2996584 2996957  84 vllm
2996584 2996958  89 vllm
2996584 2996959  75 vllm
2996584 2996960  88 vllm
2996584 2996961  91 vllm
2996584 2996962  87 vllm
2996584 2996963  76 vllm
2996584 2996964  74 vllm
2996584 2996965  75 vllm
2996584 2996966  85 vllm
2996584 2996967  90 vllm
2996584 2996968  94 vllm
2996584 2996969  72 vllm
2996584 2996970  83 vllm
2996584 2996971  76 vllm
2996584 2996972  84 vllm
2996584 2996973  95 vllm
2996584 2996974  86 vllm
2996584 2996975  76 vllm
2996584 2996976  79 vllm
2996584 2996977  73 vllm
2996584 2996978  78 vllm
2996584 2996979  81 vllm
2996584 2996980  82 vllm
2996584 2996981  88 vllm
2996584 2996982  91 vllm
2996584 2996983  87 vllm
2996584 2996984  74 vllm
2996584 2996985  72 vllm
2996584 2996986  81 vllm
2996584 2996987  92 vllm
2996584 2996988  89 vllm
2996584 2996989  94 vllm
2996584 2996990  76 vllm
2996584 2996991  88 vllm
2996584 2996992  91 vllm
2996584 2996993  86 vllm
2996584 2996994  83 vllm
2996584 2996995  84 vllm
2996584 2996996  79 vllm
2996584 2996997  80 vllm
2996584 2996998  73 vllm
2996584 2996999  94 vllm
2996584 2997000  93 vllm
2996584 2997001  81 vllm
2996584 2997002  83 vllm
2996584 2997003  93 vllm
2996584 2997004  74 vllm
2996584 2997005  87 vllm
2996584 2997006  80 vllm
2996584 2997007  86 vllm
2996584 2997008  76 vllm
2996584 2997009  93 vllm
2996584 2997010  89 vllm
2996584 2997011  89 vllm
2996584 2997012  83 vllm
2996584 2997013  93 vllm
2996584 2997014  90 vllm
2996584 2997015  82 vllm
2996584 2997016  80 vllm
2996584 2997017  88 vllm
2996584 2997018  93 vllm
2996584 2997019  87 vllm
2996584 2997020  74 vllm
2996584 2997021  73 vllm
2996584 2997022  75 vllm
2996584 2997023  76 vllm
2996584 2997024  79 vllm
2996584 2997025  92 vllm
2996584 2997026  95 vllm
2996584 2997027  93 vllm
2996584 2997028  94 vllm
2996584 2997029  75 vllm
2996584 2997030  95 vllm
2996584 2997031  86 vllm
2996584 2997032  85 vllm
2996584 2997033  79 vllm
2996584 2997034  78 vllm
2996584 2997035  78 vllm
2996584 2997036  93 vllm
2996584 2997037  95 vllm
2996584 2997038  91 vllm
2996584 2997039  86 vllm
2996584 2997040  87 vllm
2996584 2997041  79 vllm
2996584 2997042  80 vllm
2996584 2997043  94 vllm
2996584 2997044  82 vllm
2996584 2997045  83 vllm
2996584 2997046  90 vllm
2996584 2997047  88 vllm
2996584 2997048  87 vllm
2996584 2997049  89 vllm
2996584 2997050  93 vllm
2996584 2997051  93 vllm
2996584 2997052  74 vllm
2996584 2997053  73 vllm
2996584 2997054  92 vllm
2996584 2997055  78 vllm
2996584 2997056  86 vllm
2996584 2997057  84 vllm
2996584 2997058  76 vllm
2996584 2997059  75 vllm
2996584 2997060  92 vllm
2996584 2997061  84 vllm
2996584 2997062  91 vllm
2996584 2997063  95 vllm
2996584 2997064 111 vllm
2996584 2997364  73 ZMQbg/Reaper
2996584 2997365  74 ZMQbg/IO/0
2996584 2997366  72 ZMQbg/IO/1
2996584 3002755  77 vllm
2996584 3002756  92 vllm
2996584 3004686 110 vllm
