    PID     TID PSR COMMAND
1430755 1430755 103 vllm
1430755 1430791 165 PlogFlush
1430755 1430792 103 WatchdogMonitor
1430755 1430793 161 AtraceMonitor
1430755 1431581  97 iou-sqp-1105907
1430755 1431620 108 vllm
1430755 1431621 109 vllm
1430755 1431622 118 vllm
1430755 1431623  98 vllm
1430755 1431624 115 vllm
1430755 1431625 105 vllm
1430755 1431626 114 vllm
1430755 1431627 104 vllm
1430755 1431628 113 vllm
1430755 1431629 102 vllm
1430755 1431630 119 vllm
1430755 1431631 103 vllm
1430755 1431632 116 vllm
1430755 1431633 106 vllm
1430755 1431634 117 vllm
1430755 1431635 100 vllm
1430755 1431636 101 vllm
1430755 1431637 110 vllm
1430755 1431638 112 vllm
1430755 1431639 107 vllm
1430755 1431640  99 vllm
1430755 1431641 111 vllm
1430755 1431642 105 vllm
1430755 1431643 109 vllm
1430755 1431644  98 vllm
1430755 1431645 118 vllm
1430755 1431646 111 vllm
1430755 1431647 115 vllm
1430755 1431648 114 vllm
1430755 1431649 104 vllm
1430755 1431650 113 vllm
1430755 1431651 102 vllm
1430755 1431652 103 vllm
1430755 1431653 119 vllm
1430755 1431654 100 vllm
1430755 1431655 106 vllm
1430755 1431656 110 vllm
1430755 1431657 107 vllm
1430755 1431658 112 vllm
1430755 1431659 117 vllm
1430755 1431660 101 vllm
1430755 1431661  99 vllm
1430755 1431662 116 vllm
1430755 1431663 108 vllm
1430755 1431664 109 vllm
1430755 1431665 117 vllm
1430755 1431666 116 vllm
1430755 1431667 119 vllm
1430755 1431668 108 vllm
1430755 1431669 114 vllm
1430755 1431670 115 vllm
1430755 1431671 118 vllm
1430755 1431672 113 vllm
1430755 1431673  98 vllm
1430755 1431674 101 vllm
1430755 1431675 102 vllm
1430755 1431676 103 vllm
1430755 1431677 104 vllm
1430755 1431678 100 vllm
1430755 1431679 110 vllm
1430755 1431680 112 vllm
1430755 1431681 107 vllm
1430755 1431682 105 vllm
1430755 1431683 106 vllm
1430755 1431684  99 vllm
1430755 1431685 111 vllm
1430755 1431686 109 vllm
1430755 1431687 105 vllm
1430755 1431688 118 vllm
1430755 1431689  98 vllm
1430755 1431690 111 vllm
1430755 1431691 114 vllm
1430755 1431692 115 vllm
1430755 1431693 113 vllm
1430755 1431694 102 vllm
1430755 1431695 104 vllm
1430755 1431696 106 vllm
1430755 1431697 103 vllm
1430755 1431698 116 vllm
1430755 1431699 100 vllm
1430755 1431700 117 vllm
1430755 1431701 107 vllm
1430755 1431702 119 vllm
1430755 1431703 110 vllm
1430755 1431704 101 vllm
1430755 1431705 112 vllm
1430755 1431706 108 vllm
1430755 1431707  99 vllm
1430755 1431708 115 vllm
1430755 1431709 119 vllm
1430755 1431710 101 vllm
1430755 1431711 108 vllm
1430755 1431712 110 vllm
1430755 1431713 100 vllm
1430755 1431714 103 vllm
1430755 1431715 104 vllm
1430755 1431716 112 vllm
1430755 1431717 117 vllm
1430755 1431718 107 vllm
1430755 1431719 102 vllm
1430755 1431720 113 vllm
1430755 1431721  98 vllm
1430755 1431722 116 vllm
1430755 1431723 109 vllm
1430755 1431724 106 vllm
1430755 1431725  99 vllm
1430755 1431726 111 vllm
1430755 1431727  98 vllm
1430755 1431728 105 vllm
1430755 1431729 118 vllm
1430755 1431730 114 vllm
1430755 1431731 109 vllm
1430755 1431732 111 vllm
1430755 1431733 113 vllm
1430755 1431734 104 vllm
1430755 1431735 102 vllm
1430755 1431736 103 vllm
1430755 1431737 115 vllm
1430755 1431738 100 vllm
1430755 1431739 106 vllm
1430755 1431740 117 vllm
1430755 1431741 116 vllm
1430755 1431742 118 vllm
1430755 1431743 119 vllm
1430755 1431744 105 vllm
1430755 1431745 107 vllm
1430755 1431746 114 vllm
1430755 1431747 101 vllm
1430755 1431748 112 vllm
1430755 1431749 110 vllm
1430755 1431750 108 vllm
1430755 1431751 100 vllm
1430755 1431752 107 vllm
1430755 1431753 113 vllm
1430755 1431754 101 vllm
1430755 1431755 110 vllm
1430755 1431756 108 vllm
1430755 1431757 112 vllm
1430755 1431758 119 vllm
1430755 1431759  99 vllm
1430755 1431760 114 vllm
1430755 1431761 116 vllm
1430755 1431762 117 vllm
1430755 1431763 103 vllm
1430755 1431764 105 vllm
1430755 1431765  99 vllm
1430755 1431766 106 vllm
1430755 1431767  97 vllm
1430755 1431768 117 vllm
1430755 1431769 103 vllm
1430755 1431770  98 vllm
1430755 1431771 109 vllm
1430755 1431772 104 vllm
1430755 1431773  97 vllm
1430755 1431774 102 vllm
1430755 1431775 118 vllm
1430755 1431776 115 vllm
1430755 1431777 115 vllm
1430755 1431778 106 vllm
1430755 1431779 113 vllm
1430755 1431780  97 vllm
1430755 1431781 102 vllm
1430755 1431782 109 vllm
1430755 1431783  98 vllm
1430755 1431784 118 vllm
1430755 1431785 100 vllm
1430755 1431786 104 vllm
1430755 1431787  97 vllm
1430755 1431788  97 vllm
1430755 1431789  30 vllm
1430755 1431790 103 vllm
1430755 1431791 113 vllm
1430755 1431792 105 vllm
1430755 1431793 107 vllm
1430755 1431794 100 vllm
1430755 1431795  98 vllm
1430755 1431796  97 vllm
1430755 1431797 116 vllm
1430755 1431798 105 vllm
1430755 1431799 107 vllm
1430755 1431800 107 vllm
1430755 1431801 101 vllm
1430755 1431802  45 vllm
1430755 1431803 119 vllm
1430755 1431804  97 vllm
1430755 1431805 108 vllm
1430755 1431806 108 vllm
1430755 1431807 116 vllm
1430755 1431808 119 vllm
1430755 1431809 114 vllm
1430755 1431810 110 vllm
1430755 1431811 112 vllm
1430755 1431923  96 ZMQbg/Reaper
1430755 1431924 119 ZMQbg/IO/0
1430755 1431925 119 ZMQbg/IO/1
1430755 1436418 109 vllm
1430755 1436419 114 vllm
1430755 1438447 104 vllm
