    PID     TID PSR COMMAND
1430654 1430654  55 vllm
1430654 1430721 158 PlogFlush
1430654 1430722  63 WatchdogMonitor
1430654 1430723 156 AtraceMonitor
1430654 1431274  49 iou-sqp-1105689
1430654 1431385  50 vllm
1430654 1431386  51 vllm
1430654 1431387  53 vllm
1430654 1431388  54 vllm
1430654 1431389  55 vllm
1430654 1431390  56 vllm
1430654 1431391  57 vllm
1430654 1431392  59 vllm
1430654 1431393  60 vllm
1430654 1431394  61 vllm
1430654 1431395  62 vllm
1430654 1431396  63 vllm
1430654 1431397  65 vllm
1430654 1431398  66 vllm
1430654 1431399  67 vllm
1430654 1431400  68 vllm
1430654 1431401  69 vllm
1430654 1431402  70 vllm
1430654 1431403  71 vllm
1430654 1431404  58 vllm
1430654 1431405  64 vllm
1430654 1431406  52 vllm
1430654 1431407  50 vllm
1430654 1431408  51 vllm
1430654 1431409  53 vllm
1430654 1431410  54 vllm
1430654 1431411  55 vllm
1430654 1431412  56 vllm
1430654 1431413  57 vllm
1430654 1431414  59 vllm
1430654 1431415  60 vllm
1430654 1431416  61 vllm
1430654 1431417  62 vllm
1430654 1431418  63 vllm
1430654 1431419  65 vllm
1430654 1431420  66 vllm
1430654 1431421  67 vllm
1430654 1431422  52 vllm
1430654 1431423  58 vllm
1430654 1431424  68 vllm
1430654 1431425  71 vllm
1430654 1431426  64 vllm
1430654 1431427  69 vllm
1430654 1431428  70 vllm
1430654 1431429  68 vllm
1430654 1431430  67 vllm
1430654 1431431  69 vllm
1430654 1431432  66 vllm
1430654 1431433  70 vllm
1430654 1431434  71 vllm
1430654 1431435  61 vllm
1430654 1431436  63 vllm
1430654 1431437  52 vllm
1430654 1431438  65 vllm
1430654 1431439  62 vllm
1430654 1431440  58 vllm
1430654 1431441  64 vllm
1430654 1431442  50 vllm
1430654 1431443  51 vllm
1430654 1431444  53 vllm
1430654 1431445  54 vllm
1430654 1431446  55 vllm
1430654 1431447  56 vllm
1430654 1431448  57 vllm
1430654 1431449  59 vllm
1430654 1431450  60 vllm
1430654 1431451  55 vllm
1430654 1431452  54 vllm
1430654 1431453  56 vllm
1430654 1431454  57 vllm
1430654 1431455  59 vllm
1430654 1431456  51 vllm
1430654 1431457  53 vllm
1430654 1431458  50 vllm
1430654 1431459  66 vllm
1430654 1431460  67 vllm
1430654 1431461  68 vllm
1430654 1431462  69 vllm
1430654 1431463  70 vllm
1430654 1431464  62 vllm
1430654 1431465  71 vllm
1430654 1431466  60 vllm
1430654 1431467  61 vllm
1430654 1431468  65 vllm
1430654 1431469  63 vllm
1430654 1431470  58 vllm
1430654 1431471  64 vllm
1430654 1431472  52 vllm
1430654 1431473  61 vllm
1430654 1431474  63 vllm
1430654 1431475  65 vllm
1430654 1431476  58 vllm
1430654 1431477  64 vllm
1430654 1431478  52 vllm
1430654 1431479  62 vllm
1430654 1431480  50 vllm
1430654 1431481  71 vllm
1430654 1431482  51 vllm
1430654 1431483  53 vllm
1430654 1431484  67 vllm
1430654 1431485  68 vllm
1430654 1431486  66 vllm
1430654 1431487  60 vllm
1430654 1431488  54 vllm
1430654 1431489  55 vllm
1430654 1431490  59 vllm
1430654 1431491  56 vllm
1430654 1431492  57 vllm
1430654 1431493  54 vllm
1430654 1431494  55 vllm
1430654 1431495  59 vllm
1430654 1431496  66 vllm
1430654 1431497  56 vllm
1430654 1431498  57 vllm
1430654 1431499  50 vllm
1430654 1431500  69 vllm
1430654 1431501  70 vllm
1430654 1431502  51 vllm
1430654 1431503  53 vllm
1430654 1431504  62 vllm
1430654 1431505  67 vllm
1430654 1431506  61 vllm
1430654 1431507  63 vllm
1430654 1431508  71 vllm
1430654 1431509  65 vllm
1430654 1431510  58 vllm
1430654 1431511  52 vllm
1430654 1431512  64 vllm
1430654 1431513  68 vllm
1430654 1431514  69 vllm
1430654 1431515  70 vllm
1430654 1431516  61 vllm
1430654 1431517  52 vllm
1430654 1431518  60 vllm
1430654 1431519  62 vllm
1430654 1431520  68 vllm
1430654 1431521  65 vllm
1430654 1431522  64 vllm
1430654 1431523  58 vllm
1430654 1431524  71 vllm
1430654 1431525  63 vllm
1430654 1431526  60 vllm
1430654 1431527  53 vllm
1430654 1431528  67 vllm
1430654 1431529  54 vllm
1430654 1431530  68 vllm
1430654 1431531  51 vllm
1430654 1431532  63 vllm
1430654 1431533  52 vllm
1430654 1431534  55 vllm
1430654 1431535  69 vllm
1430654 1431536  70 vllm
1430654 1431537  53 vllm
1430654 1431538  67 vllm
1430654 1431539  59 vllm
1430654 1431540  56 vllm
1430654 1431541  57 vllm
1430654 1431542  50 vllm
1430654 1431543  66 vllm
1430654 1431544  55 vllm
1430654 1431545  54 vllm
1430654 1431546  51 vllm
1430654 1431547  61 vllm
1430654 1431548  62 vllm
1430654 1431549  59 vllm
1430654 1431550  70 vllm
1430654 1431551  56 vllm
1430654 1431552  57 vllm
1430654 1431553  66 vllm
1430654 1431554  50 vllm
1430654 1431555  54 vllm
1430654 1431556  65 vllm
1430654 1431557  67 vllm
1430654 1431558  61 vllm
1430654 1431559  51 vllm
1430654 1431560  62 vllm
1430654 1431561  69 vllm
1430654 1431562  60 vllm
1430654 1431563  60 vllm
1430654 1431564  70 vllm
1430654 1431565  71 vllm
1430654 1431566  58 vllm
1430654 1431567  59 vllm
1430654 1431568  55 vllm
1430654 1431569  65 vllm
1430654 1431570  55 vllm
1430654 1431571  57 vllm
1430654 1431572  66 vllm
1430654 1431573  50 vllm
1430654 1431574  62 vllm
1430654 1431575  69 vllm
1430654 1431576  56 vllm
1430654 1431821  49 ZMQbg/Reaper
1430654 1431822  50 ZMQbg/IO/0
1430654 1431823  54 ZMQbg/IO/1
1430654 1435847  65 vllm
1430654 1435848  63 vllm
1430654 1438006  62 vllm
