    PID     TID PSR COMMAND
3020824 3020824 103 vllm
3020824 3020838 102 PlogFlush
3020824 3020839 105 WatchdogMonitor
3020824 3020840 104 AtraceMonitor
3020824 3021049 102 iou-sqp-510286
3020824 3021076 102 vllm
3020824 3021077 103 vllm
3020824 3021078 104 vllm
3020824 3021079 105 vllm
3020824 3021080 106 vllm
3020824 3021081 107 vllm
3020824 3021082 108 vllm
3020824 3021083 109 vllm
3020824 3021084 111 vllm
3020824 3021085 112 vllm
3020824 3021086 113 vllm
3020824 3021087 114 vllm
3020824 3021088 115 vllm
3020824 3021089 116 vllm
3020824 3021090 117 vllm
3020824 3021091 118 vllm
3020824 3021092 119 vllm
3020824 3021093  96 vllm
3020824 3021094  97 vllm
3020824 3021095  99 vllm
3020824 3021096 100 vllm
3020824 3021097 110 vllm
3020824 3021098  98 vllm
3020824 3021099 115 vllm
3020824 3021100 116 vllm
3020824 3021101 102 vllm
3020824 3021102 105 vllm
3020824 3021103 106 vllm
3020824 3021104 107 vllm
3020824 3021105 108 vllm
3020824 3021106 109 vllm
3020824 3021107 111 vllm
3020824 3021108 112 vllm
3020824 3021109 117 vllm
3020824 3021110 118 vllm
3020824 3021111 119 vllm
3020824 3021112  97 vllm
3020824 3021113  99 vllm
3020824 3021114 104 vllm
3020824 3021115 113 vllm
3020824 3021116 114 vllm
3020824 3021117  96 vllm
3020824 3021118 100 vllm
3020824 3021119 103 vllm
3020824 3021120 110 vllm
3020824 3021121  98 vllm
3020824 3021122 102 vllm
3020824 3021123 105 vllm
3020824 3021124 106 vllm
3020824 3021125 107 vllm
3020824 3021126 104 vllm
3020824 3021127 108 vllm
3020824 3021128 109 vllm
3020824 3021129 111 vllm
3020824 3021130 113 vllm
3020824 3021131 114 vllm
3020824 3021132 116 vllm
3020824 3021133 115 vllm
3020824 3021134 103 vllm
3020824 3021135 112 vllm
3020824 3021136  96 vllm
3020824 3021137 117 vllm
3020824 3021138 119 vllm
3020824 3021139  97 vllm
3020824 3021140 118 vllm
3020824 3021141  99 vllm
3020824 3021142 110 vllm
3020824 3021143 100 vllm
3020824 3021144  98 vllm
3020824 3021145 118 vllm
3020824 3021146 105 vllm
3020824 3021147 112 vllm
3020824 3021148 117 vllm
3020824 3021149  99 vllm
3020824 3021150 119 vllm
3020824 3021151  97 vllm
3020824 3021152 116 vllm
3020824 3021153 115 vllm
3020824 3021154 100 vllm
3020824 3021155 109 vllm
3020824 3021156 110 vllm
3020824 3021157  98 vllm
3020824 3021158 111 vllm
3020824 3021159 108 vllm
3020824 3021160  96 vllm
3020824 3021161 107 vllm
3020824 3021162 113 vllm
3020824 3021163 114 vllm
3020824 3021164 104 vllm
3020824 3021165 103 vllm
3020824 3021166 102 vllm
3020824 3021167 106 vllm
3020824 3021168 107 vllm
3020824 3021169 104 vllm
3020824 3021170 105 vllm
3020824 3021171 109 vllm
3020824 3021172 108 vllm
3020824 3021173 113 vllm
3020824 3021174 114 vllm
3020824 3021175 116 vllm
3020824 3021176 103 vllm
3020824 3021177 111 vllm
3020824 3021178 115 vllm
3020824 3021179 118 vllm
3020824 3021180 119 vllm
3020824 3021181 112 vllm
3020824 3021182  97 vllm
3020824 3021183 102 vllm
3020824 3021184  96 vllm
3020824 3021185 117 vllm
3020824 3021186  99 vllm
3020824 3021187 106 vllm
3020824 3021188 100 vllm
3020824 3021189 110 vllm
3020824 3021190  98 vllm
3020824 3021191 117 vllm
3020824 3021192  99 vllm
3020824 3021193  96 vllm
3020824 3021194 100 vllm
3020824 3021195 110 vllm
3020824 3021196  98 vllm
3020824 3021197 112 vllm
3020824 3021198  97 vllm
3020824 3021199 111 vllm
3020824 3021200 106 vllm
3020824 3021201 119 vllm
3020824 3021202 118 vllm
3020824 3021203 102 vllm
3020824 3021204 115 vllm
3020824 3021205 116 vllm
3020824 3021206 111 vllm
3020824 3021207 118 vllm
3020824 3021208 119 vllm
3020824 3021209  97 vllm
3020824 3021210 104 vllm
3020824 3021211 107 vllm
3020824 3021212 114 vllm
3020824 3021213 109 vllm
3020824 3021214 103 vllm
3020824 3021215 105 vllm
3020824 3021216 108 vllm
3020824 3021217 113 vllm
3020824 3021218 116 vllm
3020824 3021219 112 vllm
3020824 3021220 115 vllm
3020824 3021221 117 vllm
3020824 3021222  99 vllm
3020824 3021223 108 vllm
3020824 3021224 109 vllm
3020824 3021225 102 vllm
3020824 3021226 107 vllm
3020824 3021227 113 vllm
3020824 3021228 100 vllm
3020824 3021229 104 vllm
3020824 3021230 112 vllm
3020824 3021231 106 vllm
3020824 3021232 107 vllm
3020824 3021233 102 vllm
3020824 3021234  96 vllm
3020824 3021235 105 vllm
3020824 3021236 103 vllm
3020824 3021237 100 vllm
3020824 3021238 104 vllm
3020824 3021239 106 vllm
3020824 3021240 111 vllm
3020824 3021241 114 vllm
3020824 3021242 112 vllm
3020824 3021243  96 vllm
3020824 3021244 110 vllm
3020824 3021245 105 vllm
3020824 3021246 103 vllm
3020824 3021247 101 vllm
3020824 3021248 111 vllm
3020824 3021249  99 vllm
3020824 3021250  98 vllm
3020824 3021251 118 vllm
3020824 3021252 119 vllm
3020824 3021253  97 vllm
3020824 3021254 117 vllm
3020824 3021255 115 vllm
3020824 3021256 116 vllm
3020824 3021257 101 vllm
3020824 3021258 114 vllm
3020824 3021259 101 vllm
3020824 3021260 110 vllm
3020824 3021261 108 vllm
3020824 3021262 109 vllm
3020824 3021263  98 vllm
3020824 3021264  96 vllm
3020824 3021265 113 vllm
3020824 3021266  99 vllm
3020824 3021267 113 vllm
3020824 3021391  98 ZMQbg/Reaper
3020824 3021392 101 ZMQbg/IO/0
3020824 3021393 100 ZMQbg/IO/1
3020824 3025410 112 vllm
3020824 3025411 112 vllm
3020824 3027638 108 vllm
