    PID     TID PSR COMMAND
1423653 1423653  51 vllm
1423653 1423675  15 PlogFlush
1423653 1423676   6 WatchdogMonitor
1423653 1423677  10 AtraceMonitor
1423653 1423945   2 iou-sqp-1090631
1423653 1424196   5 vllm
1423653 1424197   6 vllm
1423653 1424198   7 vllm
1423653 1424199   8 vllm
1423653 1424200   9 vllm
1423653 1424201  10 vllm
1423653 1424202  11 vllm
1423653 1424203  12 vllm
1423653 1424204  13 vllm
1423653 1424205  14 vllm
1423653 1424206  15 vllm
1423653 1424207  16 vllm
1423653 1424208  17 vllm
1423653 1424209  18 vllm
1423653 1424210  19 vllm
1423653 1424211  20 vllm
1423653 1424212  21 vllm
1423653 1424213  22 vllm
1423653 1424214  23 vllm
1423653 1424215   1 vllm
1423653 1424216   0 vllm
1423653 1424217   3 vllm
1423653 1424218  18 vllm
1423653 1424219   5 vllm
1423653 1424220   8 vllm
1423653 1424221   9 vllm
1423653 1424222  10 vllm
1423653 1424223  11 vllm
1423653 1424224  12 vllm
1423653 1424225  13 vllm
1423653 1424226   6 vllm
1423653 1424227   7 vllm
1423653 1424228  14 vllm
1423653 1424229  15 vllm
1423653 1424230  16 vllm
1423653 1424231  17 vllm
1423653 1424232  19 vllm
1423653 1424233  20 vllm
1423653 1424234  21 vllm
1423653 1424235  22 vllm
1423653 1424236  23 vllm
1423653 1424237   0 vllm
1423653 1424238   1 vllm
1423653 1424239   3 vllm
1423653 1424240   5 vllm
1423653 1424241   6 vllm
1423653 1424242   8 vllm
1423653 1424243   9 vllm
1423653 1424244  10 vllm
1423653 1424245  11 vllm
1423653 1424246  13 vllm
1423653 1424247   1 vllm
1423653 1424248  12 vllm
1423653 1424249   7 vllm
1423653 1424250  23 vllm
1423653 1424251  21 vllm
1423653 1424252  22 vllm
1423653 1424253   3 vllm
1423653 1424254  15 vllm
1423653 1424255  20 vllm
1423653 1424256  14 vllm
1423653 1424257  16 vllm
1423653 1424258  17 vllm
1423653 1424259  19 vllm
1423653 1424260   0 vllm
1423653 1424261  18 vllm
1423653 1424262  14 vllm
1423653 1424263  16 vllm
1423653 1424264  17 vllm
1423653 1424265  19 vllm
1423653 1424266  18 vllm
1423653 1424267  12 vllm
1423653 1424268   5 vllm
1423653 1424269   9 vllm
1423653 1424270   8 vllm
1423653 1424271  11 vllm
1423653 1424272  10 vllm
1423653 1424273  13 vllm
1423653 1424274   7 vllm
1423653 1424275   6 vllm
1423653 1424276  15 vllm
1423653 1424277  21 vllm
1423653 1424278  22 vllm
1423653 1424279  20 vllm
1423653 1424280  23 vllm
1423653 1424281   1 vllm
1423653 1424282   0 vllm
1423653 1424283   3 vllm
1423653 1424284  12 vllm
1423653 1424285   5 vllm
1423653 1424286  20 vllm
1423653 1424287  23 vllm
1423653 1424288   1 vllm
1423653 1424289  22 vllm
1423653 1424290   8 vllm
1423653 1424291   3 vllm
1423653 1424292   9 vllm
1423653 1424293  13 vllm
1423653 1424294  10 vllm
1423653 1424295  11 vllm
1423653 1424296   6 vllm
1423653 1424297   0 vllm
1423653 1424298   7 vllm
1423653 1424299  15 vllm
1423653 1424300  18 vllm
1423653 1424301  19 vllm
1423653 1424302  11 vllm
1423653 1424303  10 vllm
1423653 1424304   9 vllm
1423653 1424305  21 vllm
1423653 1424306  22 vllm
1423653 1424307   7 vllm
1423653 1424308  18 vllm
1423653 1424309  19 vllm
1423653 1424310   6 vllm
1423653 1424311   8 vllm
1423653 1424312  14 vllm
1423653 1424313  17 vllm
1423653 1424314  16 vllm
1423653 1424315  12 vllm
1423653 1424316   5 vllm
1423653 1424317  13 vllm
1423653 1424318  15 vllm
1423653 1424319  21 vllm
1423653 1424320  20 vllm
1423653 1424321  23 vllm
1423653 1424322   1 vllm
1423653 1424323  17 vllm
1423653 1424324   0 vllm
1423653 1424325  16 vllm
1423653 1424326   3 vllm
1423653 1424327  14 vllm
1423653 1424328  15 vllm
1423653 1424329  12 vllm
1423653 1424330   1 vllm
1423653 1424331   5 vllm
1423653 1424332   0 vllm
1423653 1424333   3 vllm
1423653 1424334  14 vllm
1423653 1424335   6 vllm
1423653 1424336   8 vllm
1423653 1424337  11 vllm
1423653 1424338  10 vllm
1423653 1424339  14 vllm
1423653 1424340  12 vllm
1423653 1424341   5 vllm
1423653 1424342   6 vllm
1423653 1424343  13 vllm
1423653 1424344   8 vllm
1423653 1424345  17 vllm
1423653 1424346  10 vllm
1423653 1424347  11 vllm
1423653 1424348  18 vllm
1423653 1424349 184 vllm
1423653 1424350   1 vllm
1423653 1424351   9 vllm
1423653 1424352   7 vllm
1423653 1424353  19 vllm
1423653 1424354  22 vllm
1423653 1424355  21 vllm
1423653 1424356   4 vllm
1423653 1424357  18 vllm
1423653 1424358   4 vllm
1423653 1424359  16 vllm
1423653 1424360  23 vllm
1423653 1424361  13 vllm
1423653 1424362  20 vllm
1423653 1424363   9 vllm
1423653 1424364  15 vllm
1423653 1424365  23 vllm
1423653 1424366  22 vllm
1423653 1424367  15 vllm
1423653 1424368  16 vllm
1423653 1424369  20 vllm
1423653 1424370  21 vllm
1423653 1424371   7 vllm
1423653 1424372   9 vllm
1423653 1424373  19 vllm
1423653 1424374  10 vllm
1423653 1424375   6 vllm
1423653 1424376   0 vllm
1423653 1424377  21 vllm
1423653 1424378   7 vllm
1423653 1424379  18 vllm
1423653 1424380  23 vllm
1423653 1424381   3 vllm
1423653 1424382 126 vllm
1423653 1424383  17 vllm
1423653 1424384   5 vllm
1423653 1424385  12 vllm
1423653 1424386   8 vllm
1423653 1424387  11 vllm
1423653 1424527 187 ZMQbg/Reaper
1423653 1424528 188 ZMQbg/IO/0
1423653 1424529 182 ZMQbg/IO/1
1423653 1427738 152 vllm
1423653 1427739   0 vllm
1423653 1429807  60 vllm
