    PID     TID PSR COMMAND
1430431 1430431   6 vllm
1430431 1430580  12 PlogFlush
1430431 1430581   5 WatchdogMonitor
1430431 1430582   6 AtraceMonitor
1430431 1430790  16 iou-sqp-1105174
1430431 1430898  14 vllm
1430431 1430899  15 vllm
1430431 1430900  16 vllm
1430431 1430901  17 vllm
1430431 1430902  18 vllm
1430431 1430903  19 vllm
1430431 1430904  20 vllm
1430431 1430905  21 vllm
1430431 1430906  22 vllm
1430431 1430907  23 vllm
1430431 1430908  48 vllm
1430431 1430909   1 vllm
1430431 1430910   2 vllm
1430431 1430911   0 vllm
1430431 1430912   3 vllm
1430431 1430913   6 vllm
1430431 1430914   7 vllm
1430431 1430915   8 vllm
1430431 1430916  12 vllm
1430431 1430917   4 vllm
1430431 1430918   5 vllm
1430431 1430919   9 vllm
1430431 1430920  10 vllm
1430431 1430921  11 vllm
1430431 1430922  14 vllm
1430431 1430923  15 vllm
1430431 1430924  18 vllm
1430431 1430925  19 vllm
1430431 1430926  20 vllm
1430431 1430927  21 vllm
1430431 1430928  22 vllm
1430431 1430929  23 vllm
1430431 1430930   0 vllm
1430431 1430931   1 vllm
1430431 1430932   3 vllm
1430431 1430933   6 vllm
1430431 1430934   7 vllm
1430431 1430935   2 vllm
1430431 1430936   8 vllm
1430431 1430937  12 vllm
1430431 1430938  17 vllm
1430431 1430939   4 vllm
1430431 1430940  10 vllm
1430431 1430941  16 vllm
1430431 1430942   5 vllm
1430431 1430943   9 vllm
1430431 1430944  11 vllm
1430431 1430945  17 vllm
1430431 1430946  16 vllm
1430431 1430947  14 vllm
1430431 1430948  15 vllm
1430431 1430949  18 vllm
1430431 1430950  19 vllm
1430431 1430951  20 vllm
1430431 1430952  21 vllm
1430431 1430953  22 vllm
1430431 1430954  23 vllm
1430431 1430955   0 vllm
1430431 1430956   1 vllm
1430431 1430957   3 vllm
1430431 1430958   6 vllm
1430431 1430959   7 vllm
1430431 1430960   8 vllm
1430431 1430961  12 vllm
1430431 1430962   2 vllm
1430431 1430963   4 vllm
1430431 1430964   5 vllm
1430431 1430965   9 vllm
1430431 1430966  10 vllm
1430431 1430967  11 vllm
1430431 1430968  15 vllm
1430431 1430969  14 vllm
1430431 1430970   9 vllm
1430431 1430971  10 vllm
1430431 1430972   2 vllm
1430431 1430973   4 vllm
1430431 1430974   5 vllm
1430431 1430975  12 vllm
1430431 1430976   1 vllm
1430431 1430977   7 vllm
1430431 1430978   8 vllm
1430431 1430979   3 vllm
1430431 1430980   6 vllm
1430431 1430981  18 vllm
1430431 1430982  19 vllm
1430431 1430983  20 vllm
1430431 1430984  11 vllm
1430431 1430985  21 vllm
1430431 1430986  22 vllm
1430431 1430987  17 vllm
1430431 1430988  16 vllm
1430431 1430989  23 vllm
1430431 1430990   1 vllm
1430431 1430991   0 vllm
1430431 1430992  15 vllm
1430431 1430993  14 vllm
1430431 1430994   2 vllm
1430431 1430995  16 vllm
1430431 1430996  17 vllm
1430431 1430997  19 vllm
1430431 1430998   0 vllm
1430431 1430999  18 vllm
1430431 1431000  20 vllm
1430431 1431001  23 vllm
1430431 1431002  22 vllm
1430431 1431003  21 vllm
1430431 1431004   3 vllm
1430431 1431005   6 vllm
1430431 1431006   7 vllm
1430431 1431007   8 vllm
1430431 1431008  12 vllm
1430431 1431009   9 vllm
1430431 1431010  10 vllm
1430431 1431011   4 vllm
1430431 1431012   5 vllm
1430431 1431013  11 vllm
1430431 1431014   8 vllm
1430431 1431015   9 vllm
1430431 1431016  10 vllm
1430431 1431017   4 vllm
1430431 1431018   5 vllm
1430431 1431019  12 vllm
1430431 1431020   7 vllm
1430431 1431021  21 vllm
1430431 1431022   6 vllm
1430431 1431023  11 vllm
1430431 1431024   3 vllm
1430431 1431025  22 vllm
1430431 1431026  20 vllm
1430431 1431027  18 vllm
1430431 1431028   0 vllm
1430431 1431029   1 vllm
1430431 1431030  23 vllm
1430431 1431031  15 vllm
1430431 1431032  14 vllm
1430431 1431033  16 vllm
1430431 1431034  17 vllm
1430431 1431035  19 vllm
1430431 1431036   2 vllm
1430431 1431037  18 vllm
1430431 1431038   0 vllm
1430431 1431039  20 vllm
1430431 1431040  23 vllm
1430431 1431041  21 vllm
1430431 1431042  22 vllm
1430431 1431043   1 vllm
1430431 1431044   3 vllm
1430431 1431045   6 vllm
1430431 1431046   7 vllm
1430431 1431047  17 vllm
1430431 1431048  15 vllm
1430431 1431049  14 vllm
1430431 1431050  13 vllm
1430431 1431051   8 vllm
1430431 1431052  21 vllm
1430431 1431053   7 vllm
1430431 1431054   9 vllm
1430431 1431055  19 vllm
1430431 1431056  13 vllm
1430431 1431057   8 vllm
1430431 1431058  16 vllm
1430431 1431059  10 vllm
1430431 1431060   3 vllm
1430431 1431061   9 vllm
1430431 1431062  13 vllm
1430431 1431063  19 vllm
1430431 1431064   4 vllm
1430431 1431065  16 vllm
1430431 1431066  10 vllm
1430431 1431067  14 vllm
1430431 1431068  13 vllm
1430431 1431069   5 vllm
1430431 1431070  12 vllm
1430431 1431071  11 vllm
1430431 1431072   2 vllm
1430431 1431073  22 vllm
1430431 1431074   4 vllm
1430431 1431075  13 vllm
1430431 1431076   0 vllm
1430431 1431077   1 vllm
1430431 1431078  18 vllm
1430431 1431079  23 vllm
1430431 1431080  20 vllm
1430431 1431081  15 vllm
1430431 1431082  12 vllm
1430431 1431083  17 vllm
1430431 1431084  17 vllm
1430431 1431085   5 vllm
1430431 1431086  18 vllm
1430431 1431087  20 vllm
1430431 1431088  23 vllm
1430431 1431089  15 vllm
1430431 1431275  13 ZMQbg/Reaper
1430431 1431276  14 ZMQbg/IO/0
1430431 1431277  15 ZMQbg/IO/1
1430431 1434968   8 vllm
1430431 1434969   9 vllm
1430431 1437762   9 vllm
