    PID     TID PSR COMMAND
1422593 1422593 153 vllm
1422593 1422962 174 PlogFlush
1422593 1422963 178 WatchdogMonitor
1422593 1422964  47 AtraceMonitor
1422593 1423344 151 iou-sqp-1088760
1422593 1423457 145 vllm
1422593 1423458 146 vllm
1422593 1423459 147 vllm
1422593 1423460 148 vllm
1422593 1423461 151 vllm
1422593 1423462 152 vllm
1422593 1423463 153 vllm
1422593 1423464 154 vllm
1422593 1423465 155 vllm
1422593 1423466 157 vllm
1422593 1423467 160 vllm
1422593 1423468 161 vllm
1422593 1423469 163 vllm
1422593 1423470 164 vllm
1422593 1423471 165 vllm
1422593 1423472 166 vllm
1422593 1423473 167 vllm
1422593 1423474 149 vllm
1422593 1423475 158 vllm
1422593 1423476 162 vllm
1422593 1423477 150 vllm
1422593 1423478 156 vllm
1422593 1423479 159 vllm
1422593 1423480 146 vllm
1422593 1423481 165 vllm
1422593 1423482 149 vllm
1422593 1423483 144 vllm
1422593 1423484 147 vllm
1422593 1423485 148 vllm
1422593 1423486 152 vllm
1422593 1423487 154 vllm
1422593 1423488 151 vllm
1422593 1423489 155 vllm
1422593 1423490 160 vllm
1422593 1423491 144 vllm
1422593 1423492 161 vllm
1422593 1423493 163 vllm
1422593 1423494 164 vllm
1422593 1423495 166 vllm
1422593 1423496 167 vllm
1422593 1423497 150 vllm
1422593 1423498 157 vllm
1422593 1423499 158 vllm
1422593 1423500 162 vllm
1422593 1423501 156 vllm
1422593 1423502 144 vllm
1422593 1423503 157 vllm
1422593 1423504 152 vllm
1422593 1423505 147 vllm
1422593 1423506 153 vllm
1422593 1423507 158 vllm
1422593 1423508 148 vllm
1422593 1423509 154 vllm
1422593 1423510 162 vllm
1422593 1423511 153 vllm
1422593 1423512 146 vllm
1422593 1423513 151 vllm
1422593 1423514 155 vllm
1422593 1423515 149 vllm
1422593 1423516 160 vllm
1422593 1423517 161 vllm
1422593 1423518 163 vllm
1422593 1423519 156 vllm
1422593 1423520 164 vllm
1422593 1423521 165 vllm
1422593 1423522 166 vllm
1422593 1423523 167 vllm
1422593 1423524 150 vllm
1422593 1423525 159 vllm
1422593 1423526 153 vllm
1422593 1423527 144 vllm
1422593 1423528 165 vllm
1422593 1423529 146 vllm
1422593 1423530 164 vllm
1422593 1423531 166 vllm
1422593 1423532 167 vllm
1422593 1423533 148 vllm
1422593 1423534 149 vllm
1422593 1423535 147 vllm
1422593 1423536 152 vllm
1422593 1423537 154 vllm
1422593 1423538 151 vllm
1422593 1423539 155 vllm
1422593 1423540 160 vllm
1422593 1423541 161 vllm
1422593 1423542 163 vllm
1422593 1423543 162 vllm
1422593 1423544 150 vllm
1422593 1423545 156 vllm
1422593 1423546 157 vllm
1422593 1423547 158 vllm
1422593 1423548 144 vllm
1422593 1423549 153 vllm
1422593 1423550 148 vllm
1422593 1423551 157 vllm
1422593 1423552 158 vllm
1422593 1423553 146 vllm
1422593 1423554 149 vllm
1422593 1423555 150 vllm
1422593 1423556 163 vllm
1422593 1423557 161 vllm
1422593 1423558 147 vllm
1422593 1423559 151 vllm
1422593 1423560 154 vllm
1422593 1423561 155 vllm
1422593 1423562 160 vllm
1422593 1423563 152 vllm
1422593 1423564 156 vllm
1422593 1423565 162 vllm
1422593 1423566 165 vllm
1422593 1423567 144 vllm
1422593 1423568 152 vllm
1422593 1423569 153 vllm
1422593 1423570 166 vllm
1422593 1423571 167 vllm
1422593 1423572 165 vllm
1422593 1423573 164 vllm
1422593 1423574 146 vllm
1422593 1423575 147 vllm
1422593 1423576 166 vllm
1422593 1423577 167 vllm
1422593 1423578 154 vllm
1422593 1423579 164 vllm
1422593 1423580 155 vllm
1422593 1423581 160 vllm
1422593 1423582 151 vllm
1422593 1423583 149 vllm
1422593 1423584 162 vllm
1422593 1423585 161 vllm
1422593 1423586 148 vllm
1422593 1423587 163 vllm
1422593 1423588 150 vllm
1422593 1423589 153 vllm
1422593 1423590 149 vllm
1422593 1423591 161 vllm
1422593 1423592 146 vllm
1422593 1423593 151 vllm
1422593 1423594 152 vllm
1422593 1423595 165 vllm
1422593 1423596 144 vllm
1422593 1423597 156 vllm
1422593 1423598 157 vllm
1422593 1423599 158 vllm
1422593 1423600 148 vllm
1422593 1423601 155 vllm
1422593 1423602 144 vllm
1422593 1423603 160 vllm
1422593 1423604 156 vllm
1422593 1423605 157 vllm
1422593 1423606 158 vllm
1422593 1423607 155 vllm
1422593 1423608 147 vllm
1422593 1423609 160 vllm
1422593 1423610 147 vllm
1422593 1423611 154 vllm
1422593 1423612 162 vllm
1422593 1423613 164 vllm
1422593 1423614 163 vllm
1422593 1423615 145 vllm
1422593 1423616 145 vllm
1422593 1423617 154 vllm
1422593 1423618 162 vllm
1422593 1423619 164 vllm
1422593 1423620 150 vllm
1422593 1423621 163 vllm
1422593 1423622 157 vllm
1422593 1423623 157 vllm
1422593 1423624 158 vllm
1422593 1423625 158 vllm
1422593 1423626 167 vllm
1422593 1423627 166 vllm
1422593 1423628 150 vllm
1422593 1423629 167 vllm
1422593 1423630 153 vllm
1422593 1423631 144 vllm
1422593 1423632 145 vllm
1422593 1423633  69 vllm
1422593 1423634 165 vllm
1422593 1423635 152 vllm
1422593 1423636 151 vllm
1422593 1423637 161 vllm
1422593 1423638 161 vllm
1422593 1423639 165 vllm
1422593 1423640 148 vllm
1422593 1423641 148 vllm
1422593 1423642 166 vllm
1422593 1423643 152 vllm
1422593 1423644 153 vllm
1422593 1423645 151 vllm
1422593 1423646 151 vllm
1422593 1423647 155 vllm
1422593 1423648 166 vllm
1422593 1423737 147 ZMQbg/Reaper
1422593 1423738 149 ZMQbg/IO/0
1422593 1423739 151 ZMQbg/IO/1
1422593 1427706 173 vllm
1422593 1427707 146 vllm
1422593 1429491 155 vllm
