    PID     TID PSR COMMAND
2969866 2969866  77 vllm
2969866 2970079 143 PlogFlush
2969866 2970080 136 WatchdogMonitor
2969866 2970081 121 AtraceMonitor
2969866 2970399  73 iou-sqp-386918
2969866 2970421  73 vllm
2969866 2970422  74 vllm
2969866 2970423  75 vllm
2969866 2970424  76 vllm
2969866 2970425  77 vllm
2969866 2970426  78 vllm
2969866 2970427  79 vllm
2969866 2970428  80 vllm
2969866 2970429  81 vllm
2969866 2970430  84 vllm
2969866 2970431  85 vllm
2969866 2970432  88 vllm
2969866 2970433  89 vllm
2969866 2970434  90 vllm
2969866 2970435  91 vllm
2969866 2970436  92 vllm
2969866 2970437  93 vllm
2969866 2970438  87 vllm
2969866 2970439  95 vllm
2969866 2970440  82 vllm
2969866 2970441  94 vllm
2969866 2970442  86 vllm
2969866 2970443  83 vllm
2969866 2970444  90 vllm
2969866 2970445  91 vllm
2969866 2970446  89 vllm
2969866 2970447  93 vllm
2969866 2970448  92 vllm
2969866 2970449  78 vllm
2969866 2970450  88 vllm
2969866 2970451  73 vllm
2969866 2970452  77 vllm
2969866 2970453  85 vllm
2969866 2970454  86 vllm
2969866 2970455  82 vllm
2969866 2970456  76 vllm
2969866 2970457  79 vllm
2969866 2970458  80 vllm
2969866 2970459  81 vllm
2969866 2970460  84 vllm
2969866 2970461  83 vllm
2969866 2970462  87 vllm
2969866 2970463  94 vllm
2969866 2970464  74 vllm
2969866 2970465  75 vllm
2969866 2970466  95 vllm
2969866 2970467  76 vllm
2969866 2970468  75 vllm
2969866 2970469  73 vllm
2969866 2970470  78 vllm
2969866 2970471  76 vllm
2969866 2970472  79 vllm
2969866 2970473  80 vllm
2969866 2970474  81 vllm
2969866 2970475  84 vllm
2969866 2970476  90 vllm
2969866 2970477  91 vllm
2969866 2970478  77 vllm
2969866 2970479  74 vllm
2969866 2970480  88 vllm
2969866 2970481  89 vllm
2969866 2970482  95 vllm
2969866 2970483  93 vllm
2969866 2970484  87 vllm
2969866 2970485  92 vllm
2969866 2970486  85 vllm
2969866 2970487  94 vllm
2969866 2970488  82 vllm
2969866 2970489  83 vllm
2969866 2970490  86 vllm
2969866 2970491  85 vllm
2969866 2970492  87 vllm
2969866 2970493  90 vllm
2969866 2970494  91 vllm
2969866 2970495  81 vllm
2969866 2970496  77 vllm
2969866 2970497  74 vllm
2969866 2970498  88 vllm
2969866 2970499  89 vllm
2969866 2970500  84 vllm
2969866 2970501  95 vllm
2969866 2970502  93 vllm
2969866 2970503  92 vllm
2969866 2970504  82 vllm
2969866 2970505  87 vllm
2969866 2970506  79 vllm
2969866 2970507  94 vllm
2969866 2970508  78 vllm
2969866 2970509  83 vllm
2969866 2970510  86 vllm
2969866 2970511  80 vllm
2969866 2970512  73 vllm
2969866 2970513  72 vllm
2969866 2970514  75 vllm
2969866 2970515  75 vllm
2969866 2970516  78 vllm
2969866 2970517  80 vllm
2969866 2970518  90 vllm
2969866 2970519  77 vllm
2969866 2970520  79 vllm
2969866 2970521  85 vllm
2969866 2970522  91 vllm
2969866 2970523  88 vllm
2969866 2970524  88 vllm
2969866 2970525  72 vllm
2969866 2970526  84 vllm
2969866 2970527  93 vllm
2969866 2970528  95 vllm
2969866 2970529  92 vllm
2969866 2970530  84 vllm
2969866 2970531  86 vllm
2969866 2970532  81 vllm
2969866 2970533  83 vllm
2969866 2970534  81 vllm
2969866 2970535  73 vllm
2969866 2970536  79 vllm
2969866 2970537  94 vllm
2969866 2970538  78 vllm
2969866 2970539  14 vllm
2969866 2970540  76 vllm
2969866 2970541  73 vllm
2969866 2970542  80 vllm
2969866 2970543  86 vllm
2969866 2970544  73 vllm
2969866 2970545  76 vllm
2969866 2970546  84 vllm
2969866 2970547  90 vllm
2969866 2970548  90 vllm
2969866 2970549  85 vllm
2969866 2970550  94 vllm
2969866 2970551  75 vllm
2969866 2970552  77 vllm
2969866 2970553  85 vllm
2969866 2970554  79 vllm
2969866 2970555  78 vllm
2969866 2970556  80 vllm
2969866 2970557  72 vllm
2969866 2970558  89 vllm
2969866 2970559  89 vllm
2969866 2970560  89 vllm
2969866 2970561  72 vllm
2969866 2970562  72 vllm
2969866 2970563  92 vllm
2969866 2970564  92 vllm
2969866 2970565  82 vllm
2969866 2970566  82 vllm
2969866 2970567  81 vllm
2969866 2970568  93 vllm
2969866 2970569  93 vllm
2969866 2970570  72 vllm
2969866 2970571  84 vllm
2969866 2970572  87 vllm
2969866 2970573  95 vllm
2969866 2970574  83 vllm
2969866 2970575  76 vllm
2969866 2970576  72 vllm
2969866 2970577  76 vllm
2969866 2970578  77 vllm
2969866 2970579  94 vllm
2969866 2970580  94 vllm
2969866 2970581  72 vllm
2969866 2970582  83 vllm
2969866 2970583  86 vllm
2969866 2970584  77 vllm
2969866 2970585  81 vllm
2969866 2970586  79 vllm
2969866 2970587  72 vllm
2969866 2970588  78 vllm
2969866 2970589  83 vllm
2969866 2970590  95 vllm
2969866 2970591  14 vllm
2969866 2970592  80 vllm
2969866 2970593  88 vllm
2969866 2970594  72 vllm
2969866 2970595  88 vllm
2969866 2970596  85 vllm
2969866 2970597  93 vllm
2969866 2970598  88 vllm
2969866 2970599  95 vllm
2969866 2970600  72 vllm
2969866 2970601  90 vllm
2969866 2970602  89 vllm
2969866 2970603  89 vllm
2969866 2970604  85 vllm
2969866 2970605  75 vllm
2969866 2970606  92 vllm
2969866 2970607  82 vllm
2969866 2970608  87 vllm
2969866 2970609  86 vllm
2969866 2970610  81 vllm
2969866 2970611  91 vllm
2969866 2970612  79 vllm
2969866 2970731  75 ZMQbg/Reaper
2969866 2970732  76 ZMQbg/IO/0
2969866 2970733  78 ZMQbg/IO/1
2969866 2977326  95 vllm
2969866 2977327  76 vllm
2969866 2978870  82 vllm
