    PID     TID PSR COMMAND
2973221 2973221  52 vllm
2973221 2973432 177 PlogFlush
2973221 2973433  54 WatchdogMonitor
2973221 2973434 179 AtraceMonitor
2973221 2974087  73 iou-sqp-392975
2973221 2974263  86 vllm
2973221 2974264  91 vllm
2973221 2974265  92 vllm
2973221 2974266  95 vllm
2973221 2974267  75 vllm
2973221 2974268  76 vllm
2973221 2974269  80 vllm
2973221 2974270  81 vllm
2973221 2974271  84 vllm
2973221 2974272  88 vllm
2973221 2974273  90 vllm
2973221 2974274  74 vllm
2973221 2974275  79 vllm
2973221 2974276  87 vllm
2973221 2974277  78 vllm
2973221 2974278  93 vllm
2973221 2974279  83 vllm
2973221 2974280  94 vllm
2973221 2974281  77 vllm
2973221 2974282  73 vllm
2973221 2974283  83 vllm
2973221 2974284  74 vllm
2973221 2974285  83 vllm
2973221 2974286  75 vllm
2973221 2974287  88 vllm
2973221 2974288  90 vllm
2973221 2974289  84 vllm
2973221 2974290  87 vllm
2973221 2974291  91 vllm
2973221 2974292  73 vllm
2973221 2974293  92 vllm
2973221 2974294  79 vllm
2973221 2974295  82 vllm
2973221 2974296  86 vllm
2973221 2974297  76 vllm
2973221 2974298  78 vllm
2973221 2974299  81 vllm
2973221 2974300  82 vllm
2973221 2974301  93 vllm
2973221 2974302  77 vllm
2973221 2974303  94 vllm
2973221 2974304  95 vllm
2973221 2974305  80 vllm
2973221 2974306  73 vllm
2973221 2974307  86 vllm
2973221 2974308  91 vllm
2973221 2974309  81 vllm
2973221 2974310  84 vllm
2973221 2974311  76 vllm
2973221 2974312  92 vllm
2973221 2974313  78 vllm
2973221 2974314  95 vllm
2973221 2974315  80 vllm
2973221 2974316  93 vllm
2973221 2974317  75 vllm
2973221 2974318  90 vllm
2973221 2974319  88 vllm
2973221 2974320  79 vllm
2973221 2974321  87 vllm
2973221 2974322  94 vllm
2973221 2974323  77 vllm
2973221 2974324  74 vllm
2973221 2974325  82 vllm
2973221 2974326  74 vllm
2973221 2974327  82 vllm
2973221 2974328  95 vllm
2973221 2974329  75 vllm
2973221 2974330  86 vllm
2973221 2974331  90 vllm
2973221 2974332  78 vllm
2973221 2974333  79 vllm
2973221 2974334  87 vllm
2973221 2974335  91 vllm
2973221 2974336  80 vllm
2973221 2974337  76 vllm
2973221 2974338  94 vllm
2973221 2974339  88 vllm
2973221 2974340  92 vllm
2973221 2974341  77 vllm
2973221 2974342  93 vllm
2973221 2974343  82 vllm
2973221 2974344  84 vllm
2973221 2974345  81 vllm
2973221 2974346  73 vllm
2973221 2974347  92 vllm
2973221 2974348  80 vllm
2973221 2974349  91 vllm
2973221 2974350  74 vllm
2973221 2974351  95 vllm
2973221 2974352  75 vllm
2973221 2974353  76 vllm
2973221 2974354  85 vllm
2973221 2974355  88 vllm
2973221 2974356  78 vllm
2973221 2974357  93 vllm
2973221 2974358  90 vllm
2973221 2974359  84 vllm
2973221 2974360  79 vllm
2973221 2974361  81 vllm
2973221 2974362  77 vllm
2973221 2974363  87 vllm
2973221 2974364  94 vllm
2973221 2974365  73 vllm
2973221 2974366  82 vllm
2973221 2974367  91 vllm
2973221 2974368  85 vllm
2973221 2974369  86 vllm
2973221 2974370  88 vllm
2973221 2974371  95 vllm
2973221 2974372  76 vllm
2973221 2974373  79 vllm
2973221 2974374  94 vllm
2973221 2974375  81 vllm
2973221 2974376  74 vllm
2973221 2974377  87 vllm
2973221 2974378  75 vllm
2973221 2974379  77 vllm
2973221 2974380  86 vllm
2973221 2974381  82 vllm
2973221 2974382  93 vllm
2973221 2974383  84 vllm
2973221 2974384  78 vllm
2973221 2974385  92 vllm
2973221 2974386  90 vllm
2973221 2974387  92 vllm
2973221 2974388 150 vllm
2973221 2974389  74 vllm
2973221 2974390  73 vllm
2973221 2974391  76 vllm
2973221 2974392  84 vllm
2973221 2974393  85 vllm
2973221 2974394  93 vllm
2973221 2974395  87 vllm
2973221 2974396  88 vllm
2973221 2974397  91 vllm
2973221 2974398   4 vllm
2973221 2974399  90 vllm
2973221 2974400  75 vllm
2973221 2974401  78 vllm
2973221 2974402  88 vllm
2973221 2974403  95 vllm
2973221 2974404  79 vllm
2973221 2974405  81 vllm
2973221 2974406  80 vllm
2973221 2974407  13 vllm
2973221 2974408  82 vllm
2973221 2974409  95 vllm
2973221 2974410  77 vllm
2973221 2974411  94 vllm
2973221 2974412  86 vllm
2973221 2974413  91 vllm
2973221 2974414  75 vllm
2973221 2974415  85 vllm
2973221 2974416  80 vllm
2973221 2974417  74 vllm
2973221 2974418  73 vllm
2973221 2974419  79 vllm
2973221 2974420  78 vllm
2973221 2974421 150 vllm
2973221 2974422  92 vllm
2973221 2974423  81 vllm
2973221 2974424  84 vllm
2973221 2974425  76 vllm
2973221 2974426  77 vllm
2973221 2974427  93 vllm
2973221 2974428  82 vllm
2973221 2974429  76 vllm
2973221 2974430  74 vllm
2973221 2974431  90 vllm
2973221 2974432  87 vllm
2973221 2974433  91 vllm
2973221 2974434  91 vllm
2973221 2974435  75 vllm
2973221 2974436  95 vllm
2973221 2974437  80 vllm
2973221 2974438  79 vllm
2973221 2974439  90 vllm
2973221 2974440  87 vllm
2973221 2974441  79 vllm
2973221 2974442  73 vllm
2973221 2974443  78 vllm
2973221 2974444  95 vllm
2973221 2974445  94 vllm
2973221 2974446  86 vllm
2973221 2974447  92 vllm
2973221 2974448  77 vllm
2973221 2974449  81 vllm
2973221 2974450  82 vllm
2973221 2974451  84 vllm
2973221 2974452  76 vllm
2973221 2974453   8 vllm
2973221 2974454  88 vllm
2973221 2974866  49 ZMQbg/Reaper
2973221 2974867  53 ZMQbg/IO/0
2973221 2974868  58 ZMQbg/IO/1
2973221 2978551  51 vllm
2973221 2978552  53 vllm
2973221 2980755  53 vllm
