    PID     TID PSR COMMAND
2948954 2948954  16 vllm
2948954 2949047  38 PlogFlush
2948954 2949048  32 WatchdogMonitor
2948954 2949049  38 AtraceMonitor
2948954 2949409  36 iou-sqp-342197
2948954 2949440  25 vllm
2948954 2949441  26 vllm
2948954 2949442  27 vllm
2948954 2949443  29 vllm
2948954 2949444  30 vllm
2948954 2949445  32 vllm
2948954 2949446  33 vllm
2948954 2949447  34 vllm
2948954 2949448  35 vllm
2948954 2949449  36 vllm
2948954 2949450  37 vllm
2948954 2949451  38 vllm
2948954 2949452  39 vllm
2948954 2949453  40 vllm
2948954 2949454  41 vllm
2948954 2949455  42 vllm
2948954 2949456  43 vllm
2948954 2949457  44 vllm
2948954 2949458  45 vllm
2948954 2949459  46 vllm
2948954 2949460  47 vllm
2948954 2949461  28 vllm
2948954 2949462  32 vllm
2948954 2949463  25 vllm
2948954 2949464  26 vllm
2948954 2949465  27 vllm
2948954 2949466  29 vllm
2948954 2949467  30 vllm
2948954 2949468  39 vllm
2948954 2949469  32 vllm
2948954 2949470  40 vllm
2948954 2949471  45 vllm
2948954 2949472  46 vllm
2948954 2949473  31 vllm
2948954 2949474  32 vllm
2948954 2949475  28 vllm
2948954 2949476  47 vllm
2948954 2949477  35 vllm
2948954 2949478  38 vllm
2948954 2949479  36 vllm
2948954 2949480  39 vllm
2948954 2949481  41 vllm
2948954 2949482  42 vllm
2948954 2949483  45 vllm
2948954 2949484  44 vllm
2948954 2949485  34 vllm
2948954 2949486  33 vllm
2948954 2949487  36 vllm
2948954 2949488  35 vllm
2948954 2949489  30 vllm
2948954 2949490  31 vllm
2948954 2949491  32 vllm
2948954 2949492  29 vllm
2948954 2949493  40 vllm
2948954 2949494  37 vllm
2948954 2949495  35 vllm
2948954 2949496  37 vllm
2948954 2949497  43 vllm
2948954 2949498  36 vllm
2948954 2949499  44 vllm
2948954 2949500  45 vllm
2948954 2949501  41 vllm
2948954 2949502  38 vllm
2948954 2949503  25 vllm
2948954 2949504  44 vllm
2948954 2949505  26 vllm
2948954 2949506  34 vllm
2948954 2949507  33 vllm
2948954 2949508  46 vllm
2948954 2949509  27 vllm
2948954 2949510  28 vllm
2948954 2949511  47 vllm
2948954 2949512  31 vllm
2948954 2949513  43 vllm
2948954 2949514  32 vllm
2948954 2949515  25 vllm
2948954 2949516  27 vllm
2948954 2949517  37 vllm
2948954 2949518  42 vllm
2948954 2949519  43 vllm
2948954 2949520  25 vllm
2948954 2949521  26 vllm
2948954 2949522  30 vllm
2948954 2949523  40 vllm
2948954 2949524  41 vllm
2948954 2949525  46 vllm
2948954 2949526  38 vllm
2948954 2949527  28 vllm
2948954 2949528  47 vllm
2948954 2949529  43 vllm
2948954 2949530  34 vllm
2948954 2949531  42 vllm
2948954 2949532  33 vllm
2948954 2949533  26 vllm
2948954 2949534  37 vllm
2948954 2949535  27 vllm
2948954 2949536  28 vllm
2948954 2949537  47 vllm
2948954 2949538  24 vllm
2948954 2949539  31 vllm
2948954 2949540  30 vllm
2948954 2949541  46 vllm
2948954 2949542  25 vllm
2948954 2949543  29 vllm
2948954 2949544  40 vllm
2948954 2949545  34 vllm
2948954 2949546  46 vllm
2948954 2949547  33 vllm
2948954 2949548  38 vllm
2948954 2949549  43 vllm
2948954 2949550  29 vllm
2948954 2949551  37 vllm
2948954 2949552  40 vllm
2948954 2949553  41 vllm
2948954 2949554  26 vllm
2948954 2949555  46 vllm
2948954 2949556  30 vllm
2948954 2949557  28 vllm
2948954 2949558  29 vllm
2948954 2949559  38 vllm
2948954 2949560  47 vllm
2948954 2949561  30 vllm
2948954 2949562  27 vllm
2948954 2949563  34 vllm
2948954 2949564  42 vllm
2948954 2949565  33 vllm
2948954 2949566  41 vllm
2948954 2949567  43 vllm
2948954 2949568  37 vllm
2948954 2949569  27 vllm
2948954 2949570  31 vllm
2948954 2949571  39 vllm
2948954 2949572  39 vllm
2948954 2949573  24 vllm
2948954 2949574  28 vllm
2948954 2949575  42 vllm
2948954 2949576  31 vllm
2948954 2949577  42 vllm
2948954 2949578  31 vllm
2948954 2949579  30 vllm
2948954 2949580  40 vllm
2948954 2949581  34 vllm
2948954 2949582  26 vllm
2948954 2949583  38 vllm
2948954 2949584  24 vllm
2948954 2949585  26 vllm
2948954 2949586  41 vllm
2948954 2949587  43 vllm
2948954 2949588  41 vllm
2948954 2949589  29 vllm
2948954 2949590  47 vllm
2948954 2949591  37 vllm
2948954 2949592  28 vllm
2948954 2949593  30 vllm
2948954 2949594  28 vllm
2948954 2949595  41 vllm
2948954 2949596  46 vllm
2948954 2949597  29 vllm
2948954 2949598  40 vllm
2948954 2949599  26 vllm
2948954 2949600  27 vllm
2948954 2949601  38 vllm
2948954 2949602  47 vllm
2948954 2949603  27 vllm
2948954 2949604  40 vllm
2948954 2949605  31 vllm
2948954 2949606  37 vllm
2948954 2949607  35 vllm
2948954 2949608  36 vllm
2948954 2949609  44 vllm
2948954 2949610  39 vllm
2948954 2949611 100 vllm
2948954 2949612 101 vllm
2948954 2949613  25 vllm
2948954 2949614  44 vllm
2948954 2949615  42 vllm
2948954 2949616  43 vllm
2948954 2949617  31 vllm
2948954 2949618  39 vllm
2948954 2949619  28 vllm
2948954 2949620  33 vllm
2948954 2949621  34 vllm
2948954 2949622  33 vllm
2948954 2949623 149 vllm
2948954 2949624  46 vllm
2948954 2949625  30 vllm
2948954 2949626  31 vllm
2948954 2949627  40 vllm
2948954 2949628  38 vllm
2948954 2949629  43 vllm
2948954 2949630  41 vllm
2948954 2949631  47 vllm
2948954 2950440  25 ZMQbg/Reaper
2948954 2950441  24 ZMQbg/IO/0
2948954 2950442  30 ZMQbg/IO/1
2948954 2957158   5 vllm
2948954 2957159  17 vllm
2948954 2959633   1 vllm
