    PID     TID PSR COMMAND
2969082 2969082 146 vllm
2969082 2969337 149 PlogFlush
2969082 2969338 150 WatchdogMonitor
2969082 2969339 154 AtraceMonitor
2969082 2969795  50 iou-sqp-385449
2969082 2969887  50 vllm
2969082 2969888  51 vllm
2969082 2969889  52 vllm
2969082 2969890  54 vllm
2969082 2969891  60 vllm
2969082 2969892  61 vllm
2969082 2969893  62 vllm
2969082 2969894  63 vllm
2969082 2969895  64 vllm
2969082 2969896  65 vllm
2969082 2969897  66 vllm
2969082 2969898  67 vllm
2969082 2969899  68 vllm
2969082 2969900  69 vllm
2969082 2969901  55 vllm
2969082 2969902  59 vllm
2969082 2969903  70 vllm
2969082 2969904  49 vllm
2969082 2969905  53 vllm
2969082 2969906  71 vllm
2969082 2969907  58 vllm
2969082 2969908  57 vllm
2969082 2969909  56 vllm
2969082 2969910  67 vllm
2969082 2969911  50 vllm
2969082 2969912  54 vllm
2969082 2969913  55 vllm
2969082 2969914  59 vllm
2969082 2969915  60 vllm
2969082 2969916  61 vllm
2969082 2969917  62 vllm
2969082 2969918  51 vllm
2969082 2969919  63 vllm
2969082 2969920  64 vllm
2969082 2969921  69 vllm
2969082 2969922  52 vllm
2969082 2969923  65 vllm
2969082 2969924  66 vllm
2969082 2969925  68 vllm
2969082 2969926  70 vllm
2969082 2969927  49 vllm
2969082 2969928  53 vllm
2969082 2969929  71 vllm
2969082 2969930  57 vllm
2969082 2969931  58 vllm
2969082 2969932  56 vllm
2969082 2969933  50 vllm
2969082 2969934  52 vllm
2969082 2969935  54 vllm
2969082 2969936  60 vllm
2969082 2969937  61 vllm
2969082 2969938  63 vllm
2969082 2969939  64 vllm
2969082 2969940  62 vllm
2969082 2969941  69 vllm
2969082 2969942  51 vllm
2969082 2969943  67 vllm
2969082 2969944  55 vllm
2969082 2969945  59 vllm
2969082 2969946  65 vllm
2969082 2969947  66 vllm
2969082 2969948  68 vllm
2969082 2969949  70 vllm
2969082 2969950  49 vllm
2969082 2969951  53 vllm
2969082 2969952  71 vllm
2969082 2969953  57 vllm
2969082 2969954  58 vllm
2969082 2969955  56 vllm
2969082 2969956  55 vllm
2969082 2969957  67 vllm
2969082 2969958  59 vllm
2969082 2969959  62 vllm
2969082 2969960  63 vllm
2969082 2969961  51 vllm
2969082 2969962  65 vllm
2969082 2969963  66 vllm
2969082 2969964  68 vllm
2969082 2969965  49 vllm
2969082 2969966  70 vllm
2969082 2969967  61 vllm
2969082 2969968  50 vllm
2969082 2969969  53 vllm
2969082 2969970  54 vllm
2969082 2969971  60 vllm
2969082 2969972  69 vllm
2969082 2969973  57 vllm
2969082 2969974  64 vllm
2969082 2969975  71 vllm
2969082 2969976  58 vllm
2969082 2969977  52 vllm
2969082 2969978  60 vllm
2969082 2969979  50 vllm
2969082 2969980  64 vllm
2969082 2969981  54 vllm
2969082 2969982  52 vllm
2969082 2969983  61 vllm
2969082 2969984  69 vllm
2969082 2969985  56 vllm
2969082 2969986  63 vllm
2969082 2969987  71 vllm
2969082 2969988  51 vllm
2969082 2969989  58 vllm
2969082 2969990  62 vllm
2969082 2969991  56 vllm
2969082 2969992  49 vllm
2969082 2969993  57 vllm
2969082 2969994  59 vllm
2969082 2969995  53 vllm
2969082 2969996  62 vllm
2969082 2969997  56 vllm
2969082 2969998  57 vllm
2969082 2969999  65 vllm
2969082 2970000  70 vllm
2969082 2970001  66 vllm
2969082 2970002  68 vllm
2969082 2970003  56 vllm
2969082 2970004  50 vllm
2969082 2970005  67 vllm
2969082 2970006  63 vllm
2969082 2970007  51 vllm
2969082 2970008  61 vllm
2969082 2970009  54 vllm
2969082 2970010  68 vllm
2969082 2970011  66 vllm
2969082 2970012  65 vllm
2969082 2970013  60 vllm
2969082 2970014  52 vllm
2969082 2970015  64 vllm
2969082 2970016  70 vllm
2969082 2970017  59 vllm
2969082 2970018  69 vllm
2969082 2970019  71 vllm
2969082 2970020  53 vllm
2969082 2970021  67 vllm
2969082 2970022 190 vllm
2969082 2970023  60 vllm
2969082 2970024  65 vllm
2969082 2970025  64 vllm
2969082 2970026  70 vllm
2969082 2970027  52 vllm
2969082 2970028  58 vllm
2969082 2970029  59 vllm
2969082 2970030  58 vllm
2969082 2970031  53 vllm
2969082 2970032  71 vllm
2969082 2970033  67 vllm
2969082 2970034  69 vllm
2969082 2970035  66 vllm
2969082 2970036  61 vllm
2969082 2970037  54 vllm
2969082 2970038  51 vllm
2969082 2970039  66 vllm
2969082 2970040  49 vllm
2969082 2970041  63 vllm
2969082 2970042  54 vllm
2969082 2970043  56 vllm
2969082 2970044  56 vllm
2969082 2970045  57 vllm
2969082 2970046  62 vllm
2969082 2970047  50 vllm
2969082 2970048  51 vllm
2969082 2970049  49 vllm
2969082 2970050  68 vllm
2969082 2970051  69 vllm
2969082 2970052  61 vllm
2969082 2970053  64 vllm
2969082 2970054  54 vllm
2969082 2970055  70 vllm
2969082 2970056  60 vllm
2969082 2970057  68 vllm
2969082 2970058  62 vllm
2969082 2970059  63 vllm
2969082 2970060  65 vllm
2969082 2970061  63 vllm
2969082 2970062  57 vllm
2969082 2970063  59 vllm
2969082 2970064 103 vllm
2969082 2970065  50 vllm
2969082 2970066 138 vllm
2969082 2970067  66 vllm
2969082 2970068  57 vllm
2969082 2970069  56 vllm
2969082 2970070  62 vllm
2969082 2970071  50 vllm
2969082 2970072  52 vllm
2969082 2970073   9 vllm
2969082 2970074  51 vllm
2969082 2970075  69 vllm
2969082 2970076  49 vllm
2969082 2970077  64 vllm
2969082 2970078  61 vllm
2969082 2970189  49 ZMQbg/Reaper
2969082 2970190  52 ZMQbg/IO/0
2969082 2970191 167 ZMQbg/IO/1
2969082 2977245 146 vllm
2969082 2977246  49 vllm
2969082 2979122 154 vllm
