    PID     TID PSR COMMAND
3016115 3016115  30 vllm
3016115 3016148 109 PlogFlush
3016115 3016149 103 WatchdogMonitor
3016115 3016150 106 AtraceMonitor
3016115 3016464   2 iou-sqp-498893
3016115 3016505   2 vllm
3016115 3016506   3 vllm
3016115 3016507   4 vllm
3016115 3016508   5 vllm
3016115 3016509   6 vllm
3016115 3016510  11 vllm
3016115 3016511  12 vllm
3016115 3016512  13 vllm
3016115 3016513  16 vllm
3016115 3016514  15 vllm
3016115 3016515  17 vllm
3016115 3016516  18 vllm
3016115 3016517  19 vllm
3016115 3016518  20 vllm
3016115 3016519  21 vllm
3016115 3016520  22 vllm
3016115 3016521  23 vllm
3016115 3016522   1 vllm
3016115 3016523   7 vllm
3016115 3016524   8 vllm
3016115 3016525  10 vllm
3016115 3016526   9 vllm
3016115 3016527   2 vllm
3016115 3016528   3 vllm
3016115 3016529  19 vllm
3016115 3016530  20 vllm
3016115 3016531  22 vllm
3016115 3016532  12 vllm
3016115 3016533  16 vllm
3016115 3016534  23 vllm
3016115 3016535  13 vllm
3016115 3016536  14 vllm
3016115 3016537  15 vllm
3016115 3016538  16 vllm
3016115 3016539   1 vllm
3016115 3016540   5 vllm
3016115 3016541   6 vllm
3016115 3016542  14 vllm
3016115 3016543   8 vllm
3016115 3016544  17 vllm
3016115 3016545  18 vllm
3016115 3016546   7 vllm
3016115 3016547  11 vllm
3016115 3016548   4 vllm
3016115 3016549  10 vllm
3016115 3016550   9 vllm
3016115 3016551  14 vllm
3016115 3016552   5 vllm
3016115 3016553   6 vllm
3016115 3016554   2 vllm
3016115 3016555  21 vllm
3016115 3016556   3 vllm
3016115 3016557   4 vllm
3016115 3016558  12 vllm
3016115 3016559  13 vllm
3016115 3016560  11 vllm
3016115 3016561  19 vllm
3016115 3016562  17 vllm
3016115 3016563  20 vllm
3016115 3016564  22 vllm
3016115 3016565  23 vllm
3016115 3016566  18 vllm
3016115 3016567   8 vllm
3016115 3016568   7 vllm
3016115 3016569  10 vllm
3016115 3016570  21 vllm
3016115 3016571   1 vllm
3016115 3016572   9 vllm
3016115 3016573  14 vllm
3016115 3016574  18 vllm
3016115 3016575  15 vllm
3016115 3016576  23 vllm
3016115 3016577   1 vllm
3016115 3016578   7 vllm
3016115 3016579   8 vllm
3016115 3016580  20 vllm
3016115 3016581  22 vllm
3016115 3016582  10 vllm
3016115 3016583  17 vllm
3016115 3016584   3 vllm
3016115 3016585   2 vllm
3016115 3016586   6 vllm
3016115 3016587   4 vllm
3016115 3016588  12 vllm
3016115 3016589  13 vllm
3016115 3016590   5 vllm
3016115 3016591  11 vllm
3016115 3016592  19 vllm
3016115 3016593  21 vllm
3016115 3016594   6 vllm
3016115 3016595   9 vllm
3016115 3016596   5 vllm
3016115 3016597  14 vllm
3016115 3016598   3 vllm
3016115 3016599  19 vllm
3016115 3016600  11 vllm
3016115 3016601  12 vllm
3016115 3016602   4 vllm
3016115 3016603  13 vllm
3016115 3016604  15 vllm
3016115 3016605  17 vllm
3016115 3016606  20 vllm
3016115 3016607   1 vllm
3016115 3016608  15 vllm
3016115 3016609  14 vllm
3016115 3016610  21 vllm
3016115 3016611   7 vllm
3016115 3016612  22 vllm
3016115 3016613   8 vllm
3016115 3016614  20 vllm
3016115 3016615   7 vllm
3016115 3016616  22 vllm
3016115 3016617  17 vllm
3016115 3016618   8 vllm
3016115 3016619   9 vllm
3016115 3016620  10 vllm
3016115 3016621   1 vllm
3016115 3016622  23 vllm
3016115 3016623  18 vllm
3016115 3016624   4 vllm
3016115 3016625  21 vllm
3016115 3016626  10 vllm
3016115 3016627  13 vllm
3016115 3016628  18 vllm
3016115 3016629  16 vllm
3016115 3016630   6 vllm
3016115 3016631   5 vllm
3016115 3016632  23 vllm
3016115 3016633  12 vllm
3016115 3016634   3 vllm
3016115 3016635  19 vllm
3016115 3016636  11 vllm
3016115 3016637  16 vllm
3016115 3016638  15 vllm
3016115 3016639  14 vllm
3016115 3016640  13 vllm
3016115 3016641   1 vllm
3016115 3016642   4 vllm
3016115 3016643  11 vllm
3016115 3016644  19 vllm
3016115 3016645  23 vllm
3016115 3016646   3 vllm
3016115 3016647   9 vllm
3016115 3016648  14 vllm
3016115 3016649   5 vllm
3016115 3016650   6 vllm
3016115 3016651  12 vllm
3016115 3016652  20 vllm
3016115 3016653  20 vllm
3016115 3016654   9 vllm
3016115 3016655  18 vllm
3016115 3016656  18 vllm
3016115 3016657   4 vllm
3016115 3016658   7 vllm
3016115 3016659  15 vllm
3016115 3016660   5 vllm
3016115 3016661   6 vllm
3016115 3016662  12 vllm
3016115 3016663  17 vllm
3016115 3016664   7 vllm
3016115 3016665  22 vllm
3016115 3016666   8 vllm
3016115 3016667  21 vllm
3016115 3016668  10 vllm
3016115 3016669  17 vllm
3016115 3016670   1 vllm
3016115 3016671  16 vllm
3016115 3016672  23 vllm
3016115 3016673  13 vllm
3016115 3016674   3 vllm
3016115 3016675  22 vllm
3016115 3016676  11 vllm
3016115 3016677  19 vllm
3016115 3016678   8 vllm
3016115 3016679  21 vllm
3016115 3016680   2 vllm
3016115 3016681  17 vllm
3016115 3016682   0 vllm
3016115 3016683   2 vllm
3016115 3016684   2 vllm
3016115 3016685  13 vllm
3016115 3016686  19 vllm
3016115 3016687  23 vllm
3016115 3016688   1 vllm
3016115 3016689  18 vllm
3016115 3016690  11 vllm
3016115 3016691  15 vllm
3016115 3016692   4 vllm
3016115 3016693  14 vllm
3016115 3016694  10 vllm
3016115 3016695  20 vllm
3016115 3016696   5 vllm
3016115 3016749   1 ZMQbg/Reaper
3016115 3016750   5 ZMQbg/IO/0
3016115 3016751  18 ZMQbg/IO/1
3016115 3021838  26 vllm
3016115 3021839  20 vllm
3016115 3024360  35 vllm
