    PID     TID PSR COMMAND
1415179 1415179  21 vllm
1415179 1415292 151 PlogFlush
1415179 1415293 148 WatchdogMonitor
1415179 1415294 150 AtraceMonitor
1415179 1415518   2 iou-sqp-1073303
1415179 1415769   3 vllm
1415179 1415770   5 vllm
1415179 1415771   7 vllm
1415179 1415772   9 vllm
1415179 1415773  10 vllm
1415179 1415774  12 vllm
1415179 1415775  13 vllm
1415179 1415776  14 vllm
1415179 1415777  15 vllm
1415179 1415778  16 vllm
1415179 1415779  17 vllm
1415179 1415780  18 vllm
1415179 1415781  19 vllm
1415179 1415782  20 vllm
1415179 1415783  21 vllm
1415179 1415784  23 vllm
1415179 1415785   2 vllm
1415179 1415786   8 vllm
1415179 1415787  22 vllm
1415179 1415788   6 vllm
1415179 1415789   4 vllm
1415179 1415790  11 vllm
1415179 1415791  20 vllm
1415179 1415792   3 vllm
1415179 1415793   8 vllm
1415179 1415794  10 vllm
1415179 1415795  12 vllm
1415179 1415796  13 vllm
1415179 1415797   6 vllm
1415179 1415798  14 vllm
1415179 1415799  15 vllm
1415179 1415800   5 vllm
1415179 1415801   7 vllm
1415179 1415802   9 vllm
1415179 1415803  16 vllm
1415179 1415804  17 vllm
1415179 1415805  18 vllm
1415179 1415806  19 vllm
1415179 1415807   2 vllm
1415179 1415808  21 vllm
1415179 1415809  23 vllm
1415179 1415810  22 vllm
1415179 1415811   4 vllm
1415179 1415812  11 vllm
1415179 1415813   3 vllm
1415179 1415814  15 vllm
1415179 1415815   7 vllm
1415179 1415816  10 vllm
1415179 1415817  13 vllm
1415179 1415818  14 vllm
1415179 1415819  11 vllm
1415179 1415820  22 vllm
1415179 1415821  12 vllm
1415179 1415822   5 vllm
1415179 1415823   9 vllm
1415179 1415824  21 vllm
1415179 1415825  23 vllm
1415179 1415826  18 vllm
1415179 1415827  19 vllm
1415179 1415828  16 vllm
1415179 1415829  17 vllm
1415179 1415830   8 vllm
1415179 1415831   4 vllm
1415179 1415832  20 vllm
1415179 1415833   6 vllm
1415179 1415834  12 vllm
1415179 1415835   8 vllm
1415179 1415836  17 vllm
1415179 1415837  20 vllm
1415179 1415838   6 vllm
1415179 1415839   0 vllm
1415179 1415840  10 vllm
1415179 1415841   1 vllm
1415179 1415842   1 vllm
1415179 1415843   3 vllm
1415179 1415844   0 vllm
1415179 1415845   0 vllm
1415179 1415846  13 vllm
1415179 1415847  14 vllm
1415179 1415848   5 vllm
1415179 1415849   9 vllm
1415179 1415850   1 vllm
1415179 1415851  15 vllm
1415179 1415852  18 vllm
1415179 1415853  16 vllm
1415179 1415854  19 vllm
1415179 1415855   7 vllm
1415179 1415856  21 vllm
1415179 1415857  23 vllm
1415179 1415858  11 vllm
1415179 1415859  22 vllm
1415179 1415860   4 vllm
1415179 1415861   0 vllm
1415179 1415862   1 vllm
1415179 1415863  15 vllm
1415179 1415864   7 vllm
1415179 1415865  19 vllm
1415179 1415866  22 vllm
1415179 1415867  16 vllm
1415179 1415868  18 vllm
1415179 1415869  23 vllm
1415179 1415870   9 vllm
1415179 1415871  11 vllm
1415179 1415872  21 vllm
1415179 1415873   5 vllm
1415179 1415874   4 vllm
1415179 1415875  13 vllm
1415179 1415876  14 vllm
1415179 1415877   3 vllm
1415179 1415878  12 vllm
1415179 1415879  20 vllm
1415179 1415880   8 vllm
1415179 1415881  10 vllm
1415179 1415882  17 vllm
1415179 1415883   6 vllm
1415179 1415884   3 vllm
1415179 1415885  13 vllm
1415179 1415886  14 vllm
1415179 1415887   0 vllm
1415179 1415888   5 vllm
1415179 1415889   9 vllm
1415179 1415890   1 vllm
1415179 1415891  12 vllm
1415179 1415892  18 vllm
1415179 1415893  16 vllm
1415179 1415894  15 vllm
1415179 1415895  17 vllm
1415179 1415896  21 vllm
1415179 1415897  23 vllm
1415179 1415898   6 vllm
1415179 1415899   8 vllm
1415179 1415900  10 vllm
1415179 1415901  20 vllm
1415179 1415902  22 vllm
1415179 1415903  23 vllm
1415179 1415904  15 vllm
1415179 1415905  10 vllm
1415179 1415906  20 vllm
1415179 1415907  22 vllm
1415179 1415908   7 vllm
1415179 1415909  21 vllm
1415179 1415910   8 vllm
1415179 1415911 150 vllm
1415179 1415912  19 vllm
1415179 1415913  11 vllm
1415179 1415914   4 vllm
1415179 1415915   0 vllm
1415179 1415916   1 vllm
1415179 1415917   5 vllm
1415179 1415918   3 vllm
1415179 1415919   9 vllm
1415179 1415920  14 vllm
1415179 1415921  19 vllm
1415179 1415922  18 vllm
1415179 1415923  16 vllm
1415179 1415924   7 vllm
1415179 1415925  13 vllm
1415179 1415926  12 vllm
1415179 1415927   0 vllm
1415179 1415928   6 vllm
1415179 1415929  18 vllm
1415179 1415930  16 vllm
1415179 1415931   7 vllm
1415179 1415932  13 vllm
1415179 1415933  12 vllm
1415179 1415934  14 vllm
1415179 1415935   9 vllm
1415179 1415936   6 vllm
1415179 1415937  11 vllm
1415179 1415938  17 vllm
1415179 1415939  11 vllm
1415179 1415940  17 vllm
1415179 1415941   5 vllm
1415179 1415942   5 vllm
1415179 1415943   1 vllm
1415179 1415944   4 vllm
1415179 1415945  21 vllm
1415179 1415946  23 vllm
1415179 1415947  15 vllm
1415179 1415948  22 vllm
1415179 1415949   8 vllm
1415179 1415950  10 vllm
1415179 1415951  20 vllm
1415179 1415952   3 vllm
1415179 1415953  19 vllm
1415179 1415954   4 vllm
1415179 1415955   1 vllm
1415179 1415956  20 vllm
1415179 1415957   8 vllm
1415179 1415958   3 vllm
1415179 1415959  59 vllm
1415179 1415960  22 vllm
1415179 1416435   3 ZMQbg/Reaper
1415179 1416436   5 ZMQbg/IO/0
1415179 1416437   6 ZMQbg/IO/1
1415179 1419252   4 vllm
1415179 1419253   4 vllm
1415179 1421343  22 vllm
