    PID     TID PSR COMMAND
3024854 3024854 189 vllm
3024854 3024874 127 PlogFlush
3024854 3024875 173 WatchdogMonitor
3024854 3024876 133 AtraceMonitor
3024854 3025173 171 iou-sqp-519508
3024854 3025211 172 vllm
3024854 3025212 173 vllm
3024854 3025213 181 vllm
3024854 3025214 179 vllm
3024854 3025215 184 vllm
3024854 3025216 186 vllm
3024854 3025217 191 vllm
3024854 3025218 175 vllm
3024854 3025219 185 vllm
3024854 3025220 189 vllm
3024854 3025221 188 vllm
3024854 3025222 176 vllm
3024854 3025223 170 vllm
3024854 3025224 180 vllm
3024854 3025225 178 vllm
3024854 3025226 187 vllm
3024854 3025227 169 vllm
3024854 3025228 174 vllm
3024854 3025229 171 vllm
3024854 3025230 183 vllm
3024854 3025231 178 vllm
3024854 3025232 190 vllm
3024854 3025233 182 vllm
3024854 3025234 183 vllm
3024854 3025235 184 vllm
3024854 3025236 176 vllm
3024854 3025237 185 vllm
3024854 3025238 186 vllm
3024854 3025239 179 vllm
3024854 3025240 173 vllm
3024854 3025241 177 vllm
3024854 3025242 188 vllm
3024854 3025243 189 vllm
3024854 3025244 191 vllm
3024854 3025245 172 vllm
3024854 3025246 170 vllm
3024854 3025247 175 vllm
3024854 3025248 182 vllm
3024854 3025249 187 vllm
3024854 3025250 180 vllm
3024854 3025251 169 vllm
3024854 3025252 174 vllm
3024854 3025253 171 vllm
3024854 3025254 190 vllm
3024854 3025255 182 vllm
3024854 3025256 172 vllm
3024854 3025257 173 vllm
3024854 3025258 189 vllm
3024854 3025259 177 vllm
3024854 3025260 179 vllm
3024854 3025261 176 vllm
3024854 3025262 191 vllm
3024854 3025263 188 vllm
3024854 3025264 177 vllm
3024854 3025265 170 vllm
3024854 3025266 175 vllm
3024854 3025267 185 vllm
3024854 3025268 170 vllm
3024854 3025269 187 vllm
3024854 3025270 180 vllm
3024854 3025271 184 vllm
3024854 3025272 183 vllm
3024854 3025273 187 vllm
3024854 3025274 171 vllm
3024854 3025275 186 vllm
3024854 3025276 174 vllm
3024854 3025277 190 vllm
3024854 3025278 172 vllm
3024854 3025279 173 vllm
3024854 3025280 186 vllm
3024854 3025281 183 vllm
3024854 3025282 179 vllm
3024854 3025283 176 vllm
3024854 3025284 191 vllm
3024854 3025285 184 vllm
3024854 3025286 188 vllm
3024854 3025287 177 vllm
3024854 3025288 169 vllm
3024854 3025289 183 vllm
3024854 3025290 174 vllm
3024854 3025291 186 vllm
3024854 3025292 175 vllm
3024854 3025293 180 vllm
3024854 3025294 169 vllm
3024854 3025295 171 vllm
3024854 3025296 176 vllm
3024854 3025297 183 vllm
3024854 3025298 182 vllm
3024854 3025299 172 vllm
3024854 3025300 189 vllm
3024854 3025301 174 vllm
3024854 3025302 184 vllm
3024854 3025303 182 vllm
3024854 3025304 190 vllm
3024854 3025305 186 vllm
3024854 3025306 189 vllm
3024854 3025307 169 vllm
3024854 3025308 179 vllm
3024854 3025309 180 vllm
3024854 3025310 176 vllm
3024854 3025311 191 vllm
3024854 3025312 185 vllm
3024854 3025313 188 vllm
3024854 3025314 175 vllm
3024854 3025315 182 vllm
3024854 3025316 171 vllm
3024854 3025317 184 vllm
3024854 3025318 178 vllm
3024854 3025319 185 vllm
3024854 3025320 181 vllm
3024854 3025321 175 vllm
3024854 3025322 182 vllm
3024854 3025323 169 vllm
3024854 3025324 178 vllm
3024854 3025325 183 vllm
3024854 3025326 185 vllm
3024854 3025327   5 vllm
3024854 3025328 175 vllm
3024854 3025329 180 vllm
3024854 3025330 172 vllm
3024854 3025331 173 vllm
3024854 3025332 189 vllm
3024854 3025333 172 vllm
3024854 3025334 178 vllm
3024854 3025335 168 vllm
3024854 3025336 182 vllm
3024854 3025337 177 vllm
3024854 3025338 188 vllm
3024854 3025339 171 vllm
3024854 3025340 184 vllm
3024854 3025341 184 vllm
3024854 3025342 172 vllm
3024854 3025343 179 vllm
3024854 3025344 180 vllm
3024854 3025345 179 vllm
3024854 3025346 185 vllm
3024854 3025347 191 vllm
3024854 3025348 174 vllm
3024854 3025349 168 vllm
3024854 3025350 177 vllm
3024854 3025351 190 vllm
3024854 3025352 177 vllm
3024854 3025353 191 vllm
3024854 3025354 171 vllm
3024854 3025355 177 vllm
3024854 3025356 169 vllm
3024854 3025357 178 vllm
3024854 3025358 190 vllm
3024854 3025359 173 vllm
3024854 3025360 181 vllm
3024854 3025361 173 vllm
3024854 3025362 181 vllm
3024854 3025363 187 vllm
3024854 3025364  13 vllm
3024854 3025365 185 vllm
3024854 3025366 187 vllm
3024854 3025367 184 vllm
3024854 3025368 181 vllm
3024854 3025369 180 vllm
3024854 3025370 170 vllm
3024854 3025371 188 vllm
3024854 3025372 176 vllm
3024854 3025373 172 vllm
3024854 3025374 170 vllm
3024854 3025375 174 vllm
3024854 3025376 186 vllm
3024854 3025377 173 vllm
3024854 3025378 191 vllm
3024854 3025379 171 vllm
3024854 3025380 191 vllm
3024854 3025381 187 vllm
3024854 3025382 172 vllm
3024854 3025383 179 vllm
3024854 3025384 174 vllm
3024854 3025385 184 vllm
3024854 3025386 185 vllm
3024854 3025387 188 vllm
3024854 3025388 189 vllm
3024854 3025389 176 vllm
3024854 3025390 178 vllm
3024854 3025391  12 vllm
3024854 3025392 190 vllm
3024854 3025393 185 vllm
3024854 3025394 186 vllm
3024854 3025395 177 vllm
3024854 3025396 169 vllm
3024854 3025397  12 vllm
3024854 3025398 190 vllm
3024854 3025399 175 vllm
3024854 3025400 181 vllm
3024854 3025401 173 vllm
3024854 3025402 179 vllm
3024854 3025610 172 ZMQbg/Reaper
3024854 3025611 179 ZMQbg/IO/0
3024854 3025612 191 ZMQbg/IO/1
3024854 3030382 172 vllm
3024854 3030383 145 vllm
3024854 3032583 190 vllm
