    PID     TID PSR COMMAND
1438728 1438728  96 vllm
1438728 1438788 105 PlogFlush
1438728 1438789 104 WatchdogMonitor
1438728 1438790  16 AtraceMonitor
1438728 1438990  99 iou-sqp-1121504
1438728 1439029  97 vllm
1438728 1439030  98 vllm
1438728 1439031  99 vllm
1438728 1439032 100 vllm
1438728 1439033 101 vllm
1438728 1439034 102 vllm
1438728 1439035 103 vllm
1438728 1439036 104 vllm
1438728 1439037 105 vllm
1438728 1439038 106 vllm
1438728 1439039 107 vllm
1438728 1439040 108 vllm
1438728 1439041 109 vllm
1438728 1439042 110 vllm
1438728 1439043 111 vllm
1438728 1439044 112 vllm
1438728 1439045 113 vllm
1438728 1439046 114 vllm
1438728 1439047 116 vllm
1438728 1439048 117 vllm
1438728 1439049 118 vllm
1438728 1439050 119 vllm
1438728 1439051 115 vllm
1438728 1439052  97 vllm
1438728 1439053  98 vllm
1438728 1439054  99 vllm
1438728 1439055 100 vllm
1438728 1439056 101 vllm
1438728 1439057 102 vllm
1438728 1439058 117 vllm
1438728 1439059 118 vllm
1438728 1439060 105 vllm
1438728 1439061 106 vllm
1438728 1439062 107 vllm
1438728 1439063 108 vllm
1438728 1439064 109 vllm
1438728 1439065 110 vllm
1438728 1439066 111 vllm
1438728 1439067 112 vllm
1438728 1439068 115 vllm
1438728 1439069 116 vllm
1438728 1439070 119 vllm
1438728 1439071 114 vllm
1438728 1439072 113 vllm
1438728 1439073 103 vllm
1438728 1439074 104 vllm
1438728 1439075 101 vllm
1438728 1439076 102 vllm
1438728 1439077 113 vllm
1438728 1439078 103 vllm
1438728 1439079 104 vllm
1438728 1439080 105 vllm
1438728 1439081 106 vllm
1438728 1439082 107 vllm
1438728 1439083 109 vllm
1438728 1439084 111 vllm
1438728 1439085 114 vllm
1438728 1439086  97 vllm
1438728 1439087 100 vllm
1438728 1439088  98 vllm
1438728 1439089  99 vllm
1438728 1439090 108 vllm
1438728 1439091 110 vllm
1438728 1439092 112 vllm
1438728 1439093 117 vllm
1438728 1439094 118 vllm
1438728 1439095 116 vllm
1438728 1439096 115 vllm
1438728 1439097 119 vllm
1438728 1439098  97 vllm
1438728 1439099 100 vllm
1438728 1439100 101 vllm
1438728 1439101 102 vllm
1438728 1439102 105 vllm
1438728 1439103 106 vllm
1438728 1439104  98 vllm
1438728 1439105  99 vllm
1438728 1439106 107 vllm
1438728 1439107 109 vllm
1438728 1439108 111 vllm
1438728 1439109 103 vllm
1438728 1439110 104 vllm
1438728 1439111 113 vllm
1438728 1439112 110 vllm
1438728 1439113 108 vllm
1438728 1439114 117 vllm
1438728 1439115 118 vllm
1438728 1439116 112 vllm
1438728 1439117 115 vllm
1438728 1439118 116 vllm
1438728 1439119 119 vllm
1438728 1439120 114 vllm
1438728 1439121 113 vllm
1438728 1439122 103 vllm
1438728 1439123 104 vllm
1438728 1439124 111 vllm
1438728 1439125 114 vllm
1438728 1439126 112 vllm
1438728 1439127 107 vllm
1438728 1439128 109 vllm
1438728 1439129 116 vllm
1438728 1439130 110 vllm
1438728 1439131 101 vllm
1438728 1439132 105 vllm
1438728 1439133 108 vllm
1438728 1439134  97 vllm
1438728 1439135 102 vllm
1438728 1439136 100 vllm
1438728 1439137 106 vllm
1438728 1439138  98 vllm
1438728 1439139  99 vllm
1438728 1439140 117 vllm
1438728 1439141 118 vllm
1438728 1439142 115 vllm
1438728 1439143 119 vllm
1438728 1439144 101 vllm
1438728 1439145 105 vllm
1438728 1439146 107 vllm
1438728 1439147 109 vllm
1438728 1439148  99 vllm
1438728 1439149 119 vllm
1438728 1439150 106 vllm
1438728 1439151 100 vllm
1438728 1439152 108 vllm
1438728 1439153  97 vllm
1438728 1439154  98 vllm
1438728 1439155 102 vllm
1438728 1439156 118 vllm
1438728 1439157 115 vllm
1438728 1439158 117 vllm
1438728 1439159 110 vllm
1438728 1439160 111 vllm
1438728 1439161 104 vllm
1438728 1439162 102 vllm
1438728 1439163 107 vllm
1438728 1439164 109 vllm
1438728 1439165 110 vllm
1438728 1439166 104 vllm
1438728 1439167 111 vllm
1438728 1439168  97 vllm
1438728 1439169 108 vllm
1438728 1439170 113 vllm
1438728 1439171 114 vllm
1438728 1439172 115 vllm
1438728 1439173 112 vllm
1438728 1439174 117 vllm
1438728 1439175  98 vllm
1438728 1439176 100 vllm
1438728 1439177 114 vllm
1438728 1439178 115 vllm
1438728 1439179 107 vllm
1438728 1439180 112 vllm
1438728 1439181 113 vllm
1438728 1439182  98 vllm
1438728 1439183 109 vllm
1438728 1439184 100 vllm
1438728 1439185 109 vllm
1438728 1439186 113 vllm
1438728 1439187 104 vllm
1438728 1439188 103 vllm
1438728 1439189 105 vllm
1438728 1439190 108 vllm
1438728 1439191 117 vllm
1438728 1439192 112 vllm
1438728 1439193 114 vllm
1438728 1439194 104 vllm
1438728 1439195 106 vllm
1438728 1439196 103 vllm
1438728 1439197 105 vllm
1438728 1439198 108 vllm
1438728 1439199 117 vllm
1438728 1439200 114 vllm
1438728 1439201 116 vllm
1438728 1439202  97 vllm
1438728 1439203 106 vllm
1438728 1439204 119 vllm
1438728 1439205  98 vllm
1438728 1439206 118 vllm
1438728 1439207  99 vllm
1438728 1439208 116 vllm
1438728 1439209 100 vllm
1438728 1439210 106 vllm
1438728 1439211 101 vllm
1438728 1439212 111 vllm
1438728 1439213 110 vllm
1438728 1439214 102 vllm
1438728 1439215  99 vllm
1438728 1439216 107 vllm
1438728 1439217 118 vllm
1438728 1439218 119 vllm
1438728 1439219 113 vllm
1438728 1439220 101 vllm
1438728 1439280  97 ZMQbg/Reaper
1438728 1439281 100 ZMQbg/IO/0
1438728 1439282 103 ZMQbg/IO/1
1438728 1441221 104 vllm
1438728 1441222 112 vllm
1438728 1442147  97 vllm
