    PID     TID PSR COMMAND
1415185 1415185 128 vllm
1415185 1415295 141 PlogFlush
1415185 1415296 128 WatchdogMonitor
1415185 1415297 128 AtraceMonitor
1415185 1415502 124 iou-sqp-1073309
1415185 1415570 124 vllm
1415185 1415571 125 vllm
1415185 1415572 126 vllm
1415185 1415573 127 vllm
1415185 1415574 128 vllm
1415185 1415575 131 vllm
1415185 1415576 132 vllm
1415185 1415577 134 vllm
1415185 1415578 135 vllm
1415185 1415579 136 vllm
1415185 1415580 137 vllm
1415185 1415581 138 vllm
1415185 1415582 139 vllm
1415185 1415583 140 vllm
1415185 1415584 141 vllm
1415185 1415585 142 vllm
1415185 1415586 143 vllm
1415185 1415587 120 vllm
1415185 1415588 121 vllm
1415185 1415589 122 vllm
1415185 1415590 133 vllm
1415185 1415591 129 vllm
1415185 1415592 130 vllm
1415185 1415593 127 vllm
1415185 1415594 137 vllm
1415185 1415595 139 vllm
1415185 1415596 124 vllm
1415185 1415597 143 vllm
1415185 1415598 128 vllm
1415185 1415599 131 vllm
1415185 1415600 132 vllm
1415185 1415601 133 vllm
1415185 1415602 130 vllm
1415185 1415603 134 vllm
1415185 1415604 138 vllm
1415185 1415605 140 vllm
1415185 1415606 129 vllm
1415185 1415607 141 vllm
1415185 1415608 142 vllm
1415185 1415609 120 vllm
1415185 1415610 121 vllm
1415185 1415611 126 vllm
1415185 1415612 122 vllm
1415185 1415613 125 vllm
1415185 1415614 136 vllm
1415185 1415615 137 vllm
1415185 1415616 126 vllm
1415185 1415617 124 vllm
1415185 1415618 127 vllm
1415185 1415619 128 vllm
1415185 1415620 131 vllm
1415185 1415621 132 vllm
1415185 1415622 135 vllm
1415185 1415623 137 vllm
1415185 1415624 126 vllm
1415185 1415625 139 vllm
1415185 1415626 126 vllm
1415185 1415627 135 vllm
1415185 1415628 134 vllm
1415185 1415629 141 vllm
1415185 1415630 122 vllm
1415185 1415631 142 vllm
1415185 1415632 120 vllm
1415185 1415633 138 vllm
1415185 1415634 121 vllm
1415185 1415635 140 vllm
1415185 1415636 130 vllm
1415185 1415637 143 vllm
1415185 1415638 136 vllm
1415185 1415639 129 vllm
1415185 1415640 133 vllm
1415185 1415641 134 vllm
1415185 1415642 143 vllm
1415185 1415643 135 vllm
1415185 1415644 136 vllm
1415185 1415645 132 vllm
1415185 1415646 139 vllm
1415185 1415647 138 vllm
1415185 1415648 142 vllm
1415185 1415649 125 vllm
1415185 1415650 126 vllm
1415185 1415651 120 vllm
1415185 1415652 121 vllm
1415185 1415653 140 vllm
1415185 1415654 124 vllm
1415185 1415655 127 vllm
1415185 1415656 128 vllm
1415185 1415657 136 vllm
1415185 1415658 129 vllm
1415185 1415659 133 vllm
1415185 1415660 131 vllm
1415185 1415661 134 vllm
1415185 1415662 122 vllm
1415185 1415663 141 vllm
1415185 1415664 135 vllm
1415185 1415665 131 vllm
1415185 1415666 124 vllm
1415185 1415667 127 vllm
1415185 1415668 141 vllm
1415185 1415669 128 vllm
1415185 1415670 125 vllm
1415185 1415671 126 vllm
1415185 1415672 122 vllm
1415185 1415673 134 vllm
1415185 1415674 130 vllm
1415185 1415675 132 vllm
1415185 1415676 143 vllm
1415185 1415677 139 vllm
1415185 1415678 140 vllm
1415185 1415679 138 vllm
1415185 1415680 130 vllm
1415185 1415681 142 vllm
1415185 1415682 129 vllm
1415185 1415683 134 vllm
1415185 1415684 121 vllm
1415185 1415685 120 vllm
1415185 1415686 128 vllm
1415185 1415687 122 vllm
1415185 1415688 125 vllm
1415185 1415689 135 vllm
1415185 1415690 131 vllm
1415185 1415691 128 vllm
1415185 1415692 127 vllm
1415185 1415693 122 vllm
1415185 1415694 141 vllm
1415185 1415695 130 vllm
1415185 1415696 125 vllm
1415185 1415697 126 vllm
1415185 1415698 133 vllm
1415185 1415699 138 vllm
1415185 1415700 138 vllm
1415185 1415701 132 vllm
1415185 1415702 129 vllm
1415185 1415703 132 vllm
1415185 1415704 143 vllm
1415185 1415705 139 vllm
1415185 1415706 133 vllm
1415185 1415707 140 vllm
1415185 1415708 133 vllm
1415185 1415709 130 vllm
1415185 1415710 142 vllm
1415185 1415711 139 vllm
1415185 1415712 123 vllm
1415185 1415713 124 vllm
1415185 1415714 121 vllm
1415185 1415715 120 vllm
1415185 1415716 128 vllm
1415185 1415717 123 vllm
1415185 1415718 143 vllm
1415185 1415719 136 vllm
1415185 1415720 135 vllm
1415185 1415721 131 vllm
1415185 1415722 136 vllm
1415185 1415723 120 vllm
1415185 1415724 127 vllm
1415185 1415725 121 vllm
1415185 1415726 141 vllm
1415185 1415727 140 vllm
1415185 1415728 129 vllm
1415185 1415729 125 vllm
1415185 1415730 143 vllm
1415185 1415731 130 vllm
1415185 1415732 133 vllm
1415185 1415733 128 vllm
1415185 1415734 138 vllm
1415185 1415735 139 vllm
1415185 1415736 142 vllm
1415185 1415737  17 vllm
1415185 1415738 135 vllm
1415185 1415739 127 vllm
1415185 1415740 121 vllm
1415185 1415741 121 vllm
1415185 1415742 127 vllm
1415185 1415743 141 vllm
1415185 1415744 124 vllm
1415185 1415745 141 vllm
1415185 1415746 124 vllm
1415185 1415747 135 vllm
1415185 1415748 130 vllm
1415185 1415749 142 vllm
1415185 1415750 124 vllm
1415185 1415751 132 vllm
1415185 1415752 136 vllm
1415185 1415753 143 vllm
1415185 1415754 131 vllm
1415185 1415755 138 vllm
1415185 1415756 132 vllm
1415185 1415757 127 vllm
1415185 1415758 120 vllm
1415185 1415759 120 vllm
1415185 1415760 125 vllm
1415185 1415761 141 vllm
1415185 1416428 124 ZMQbg/Reaper
1415185 1416429 123 ZMQbg/IO/0
1415185 1416430 126 ZMQbg/IO/1
1415185 1420382 125 vllm
1415185 1420383 142 vllm
1415185 1421867 129 vllm
