    PID     TID PSR COMMAND
2948948 2948948  73 vllm
2948948 2949044  92 PlogFlush
2948948 2949045  94 WatchdogMonitor
2948948 2949046  77 AtraceMonitor
2948948 2949433  99 iou-sqp-342191
2948948 2950043 145 vllm
2948948 2950044 146 vllm
2948948 2950045 147 vllm
2948948 2950046 149 vllm
2948948 2950047 150 vllm
2948948 2950048 151 vllm
2948948 2950049 152 vllm
2948948 2950050 154 vllm
2948948 2950051 156 vllm
2948948 2950052 157 vllm
2948948 2950053 159 vllm
2948948 2950054 160 vllm
2948948 2950055 161 vllm
2948948 2950056 165 vllm
2948948 2950057 148 vllm
2948948 2950058 153 vllm
2948948 2950059 162 vllm
2948948 2950060 163 vllm
2948948 2950061 156 vllm
2948948 2950062 155 vllm
2948948 2950063 164 vllm
2948948 2950064 166 vllm
2948948 2950065 158 vllm
2948948 2950066 145 vllm
2948948 2950067 146 vllm
2948948 2950068 148 vllm
2948948 2950069 165 vllm
2948948 2950070 153 vllm
2948948 2950071 167 vllm
2948948 2950072 149 vllm
2948948 2950073 163 vllm
2948948 2950074 167 vllm
2948948 2950075 155 vllm
2948948 2950076 166 vllm
2948948 2950077 144 vllm
2948948 2950078 164 vllm
2948948 2950079 145 vllm
2948948 2950080 158 vllm
2948948 2950081 150 vllm
2948948 2950082 151 vllm
2948948 2950083 152 vllm
2948948 2950084 154 vllm
2948948 2950085 157 vllm
2948948 2950086 159 vllm
2948948 2950087 160 vllm
2948948 2950088 161 vllm
2948948 2950089 162 vllm
2948948 2950090 167 vllm
2948948 2950091 146 vllm
2948948 2950092 144 vllm
2948948 2950093 149 vllm
2948948 2950094  49 vllm
2948948 2950095 151 vllm
2948948 2950096 147 vllm
2948948 2950097  50 vllm
2948948 2950098  54 vllm
2948948 2950099  48 vllm
2948948 2950100  59 vllm
2948948 2950101  61 vllm
2948948 2950102  63 vllm
2948948 2950103  66 vllm
2948948 2950104  52 vllm
2948948 2950105  67 vllm
2948948 2950106  68 vllm
2948948 2950107  69 vllm
2948948 2950108  70 vllm
2948948 2950109  71 vllm
2948948 2950110  74 vllm
2948948 2950111  94 vllm
2948948 2950112  56 vllm
2948948 2950113  58 vllm
2948948 2950114  60 vllm
2948948 2950115  62 vllm
2948948 2950116  65 vllm
2948948 2950117  75 vllm
2948948 2950118  55 vllm
2948948 2950119  64 vllm
2948948 2950120  57 vllm
2948948 2950121  51 vllm
2948948 2950122  48 vllm
2948948 2950123 145 vllm
2948948 2950124 147 vllm
2948948 2950125 150 vllm
2948948 2950126 165 vllm
2948948 2950127 148 vllm
2948948 2950128 154 vllm
2948948 2950129 163 vllm
2948948 2950130 155 vllm
2948948 2950131 164 vllm
2948948 2950132 152 vllm
2948948 2950133 166 vllm
2948948 2950134 154 vllm
2948948 2950135 157 vllm
2948948 2950136 158 vllm
2948948 2950137 144 vllm
2948948 2950138 161 vllm
2948948 2950139 162 vllm
2948948 2950140 160 vllm
2948948 2950141 167 vllm
2948948 2950142 149 vllm
2948948 2950143 146 vllm
2948948 2950144 147 vllm
2948948 2950145 151 vllm
2948948 2950146 156 vllm
2948948 2950147 150 vllm
2948948 2950148 165 vllm
2948948 2950149 148 vllm
2948948 2950150 153 vllm
2948948 2950151 155 vllm
2948948 2950152 164 vllm
2948948 2950153 152 vllm
2948948 2950154 154 vllm
2948948 2950155 157 vllm
2948948 2950156 163 vllm
2948948 2950157 166 vllm
2948948 2950158 161 vllm
2948948 2950159 162 vllm
2948948 2950160 158 vllm
2948948 2950161 159 vllm
2948948 2950162 146 vllm
2948948 2950163 160 vllm
2948948 2950164 147 vllm
2948948 2950165 167 vllm
2948948 2950166 153 vllm
2948948 2950167 156 vllm
2948948 2950168 157 vllm
2948948 2950169 144 vllm
2948948 2950170 153 vllm
2948948 2950171 144 vllm
2948948 2950172 165 vllm
2948948 2950173 155 vllm
2948948 2950174 164 vllm
2948948 2950175 152 vllm
2948948 2950176 159 vllm
2948948 2950177 166 vllm
2948948 2950178 159 vllm
2948948 2950179 158 vllm
2948948 2950180 148 vllm
2948948 2950181 162 vllm
2948948 2950182 160 vllm
2948948 2950183 149 vllm
2948948 2950184 167 vllm
2948948 2950185 146 vllm
2948948 2950186 156 vllm
2948948 2950187 147 vllm
2948948 2950188 151 vllm
2948948 2950189 163 vllm
2948948 2950190 150 vllm
2948948 2950191 161 vllm
2948948 2950192 153 vllm
2948948 2950193 159 vllm
2948948 2950194 149 vllm
2948948 2950195 148 vllm
2948948 2950196 165 vllm
2948948 2950197 155 vllm
2948948 2950198 163 vllm
2948948 2950199 152 vllm
2948948 2950200 164 vllm
2948948 2950201 166 vllm
2948948 2950202 158 vllm
2948948 2950203 151 vllm
2948948 2950204 162 vllm
2948948 2950205 146 vllm
2948948 2950206 160 vllm
2948948 2950207 150 vllm
2948948 2950208 167 vllm
2948948 2950209 161 vllm
2948948 2950210 156 vllm
2948948 2950211 157 vllm
2948948 2950212 147 vllm
2948948 2950213 153 vllm
2948948 2950214 165 vllm
2948948 2950215 144 vllm
2948948 2950216 155 vllm
2948948 2950217 164 vllm
2948948 2950218 176 vllm
2948948 2950219 152 vllm
2948948 2950220 166 vllm
2948948 2950221 149 vllm
2948948 2950222 158 vllm
2948948 2950223 150 vllm
2948948 2950224 148 vllm
2948948 2950225 154 vllm
2948948 2950226 151 vllm
2948948 2950227 161 vllm
2948948 2950228 162 vllm
2948948 2950229 160 vllm
2948948 2950230 163 vllm
2948948 2950231 167 vllm
2948948 2950232 147 vllm
2948948 2950233 157 vllm
2948948 2950234 146 vllm
2948948 2950471 145 ZMQbg/Reaper
2948948 2950472 147 ZMQbg/IO/0
2948948 2950473  67 ZMQbg/IO/1
2948948 2956649  76 vllm
2948948 2956650  58 vllm
2948948 2958037  74 vllm
