    PID     TID PSR COMMAND
2996578 2996578 149 vllm
2996578 2996610 141 PlogFlush
2996578 2996611 122 WatchdogMonitor
2996578 2996612 125 AtraceMonitor
2996578 2996706   2 iou-sqp-455419
2996578 2997100   1 vllm
2996578 2997101   2 vllm
2996578 2997102   3 vllm
2996578 2997103   5 vllm
2996578 2997104   8 vllm
2996578 2997105  10 vllm
2996578 2997106  11 vllm
2996578 2997107  12 vllm
2996578 2997108  13 vllm
2996578 2997109  14 vllm
2996578 2997110  15 vllm
2996578 2997111  16 vllm
2996578 2997112  17 vllm
2996578 2997113  19 vllm
2996578 2997114  21 vllm
2996578 2997115  22 vllm
2996578 2997116  18 vllm
2996578 2997117   9 vllm
2996578 2997118   4 vllm
2996578 2997119  20 vllm
2996578 2997120   7 vllm
2996578 2997121  23 vllm
2996578 2997122   6 vllm
2996578 2997123  16 vllm
2996578 2997124   3 vllm
2996578 2997125   5 vllm
2996578 2997126   9 vllm
2996578 2997127  10 vllm
2996578 2997128  11 vllm
2996578 2997129  12 vllm
2996578 2997130  17 vllm
2996578 2997131  19 vllm
2996578 2997132  21 vllm
2996578 2997133  22 vllm
2996578 2997134   6 vllm
2996578 2997135   8 vllm
2996578 2997136  18 vllm
2996578 2997137   2 vllm
2996578 2997138  13 vllm
2996578 2997139  14 vllm
2996578 2997140  15 vllm
2996578 2997141   1 vllm
2996578 2997142   4 vllm
2996578 2997143  20 vllm
2996578 2997144  23 vllm
2996578 2997145   3 vllm
2996578 2997146   5 vllm
2996578 2997147  10 vllm
2996578 2997148   8 vllm
2996578 2997149  11 vllm
2996578 2997150  12 vllm
2996578 2997151  16 vllm
2996578 2997152   1 vllm
2996578 2997153  17 vllm
2996578 2997154   2 vllm
2996578 2997155  22 vllm
2996578 2997156  13 vllm
2996578 2997157  14 vllm
2996578 2997158  18 vllm
2996578 2997159   9 vllm
2996578 2997160  15 vllm
2996578 2997161  19 vllm
2996578 2997162  21 vllm
2996578 2997163   7 vllm
2996578 2997164   4 vllm
2996578 2997165   6 vllm
2996578 2997166  20 vllm
2996578 2997167   7 vllm
2996578 2997168  23 vllm
2996578 2997169  19 vllm
2996578 2997170  21 vllm
2996578 2997171   6 vllm
2996578 2997172   7 vllm
2996578 2997173   9 vllm
2996578 2997174  17 vllm
2996578 2997175   4 vllm
2996578 2997176  12 vllm
2996578 2997177  16 vllm
2996578 2997178  11 vllm
2996578 2997179  15 vllm
2996578 2997180  20 vllm
2996578 2997181  23 vllm
2996578 2997182  18 vllm
2996578 2997183   8 vllm
2996578 2997184   3 vllm
2996578 2997185   5 vllm
2996578 2997186  22 vllm
2996578 2997187   1 vllm
2996578 2997188   2 vllm
2996578 2997189  10 vllm
2996578 2997190  13 vllm
2996578 2997191  14 vllm
2996578 2997192  11 vllm
2996578 2997193  16 vllm
2996578 2997194  12 vllm
2996578 2997195   2 vllm
2996578 2997196  10 vllm
2996578 2997197  13 vllm
2996578 2997198  14 vllm
2996578 2997199  18 vllm
2996578 2997200   5 vllm
2996578 2997201  15 vllm
2996578 2997202   3 vllm
2996578 2997203  22 vllm
2996578 2997204  17 vllm
2996578 2997205   7 vllm
2996578 2997206  18 vllm
2996578 2997207   7 vllm
2996578 2997208   1 vllm
2996578 2997209   8 vllm
2996578 2997210  22 vllm
2996578 2997211   1 vllm
2996578 2997212  20 vllm
2996578 2997213  12 vllm
2996578 2997214  17 vllm
2996578 2997215   8 vllm
2996578 2997216  23 vllm
2996578 2997217  21 vllm
2996578 2997218  20 vllm
2996578 2997219   2 vllm
2996578 2997220   8 vllm
2996578 2997221  15 vllm
2996578 2997222   6 vllm
2996578 2997223   4 vllm
2996578 2997224   9 vllm
2996578 2997225  23 vllm
2996578 2997226  11 vllm
2996578 2997227  21 vllm
2996578 2997228   3 vllm
2996578 2997229   5 vllm
2996578 2997230  10 vllm
2996578 2997231  13 vllm
2996578 2997232   4 vllm
2996578 2997233   9 vllm
2996578 2997234  15 vllm
2996578 2997235  11 vllm
2996578 2997236  14 vllm
2996578 2997237   6 vllm
2996578 2997238   3 vllm
2996578 2997239  14 vllm
2996578 2997240   5 vllm
2996578 2997241  10 vllm
2996578 2997242  19 vllm
2996578 2997243   1 vllm
2996578 2997244  21 vllm
2996578 2997245  21 vllm
2996578 2997246  19 vllm
2996578 2997247   1 vllm
2996578 2997248  15 vllm
2996578 2997249  13 vllm
2996578 2997250  16 vllm
2996578 2997251   4 vllm
2996578 2997252  16 vllm
2996578 2997253  20 vllm
2996578 2997254   7 vllm
2996578 2997255  17 vllm
2996578 2997256   2 vllm
2996578 2997257  12 vllm
2996578 2997258  19 vllm
2996578 2997259  22 vllm
2996578 2997260  18 vllm
2996578 2997261  23 vllm
2996578 2997262   6 vllm
2996578 2997263   9 vllm
2996578 2997264  11 vllm
2996578 2997265  18 vllm
2996578 2997266  20 vllm
2996578 2997267  16 vllm
2996578 2997268   2 vllm
2996578 2997269  13 vllm
2996578 2997270   5 vllm
2996578 2997271  10 vllm
2996578 2997272  17 vllm
2996578 2997273  10 vllm
2996578 2997274   7 vllm
2996578 2997275   1 vllm
2996578 2997276   6 vllm
2996578 2997277  11 vllm
2996578 2997278  16 vllm
2996578 2997279  22 vllm
2996578 2997280  23 vllm
2996578 2997281  12 vllm
2996578 2997282  73 vllm
2996578 2997283   9 vllm
2996578 2997284  20 vllm
2996578 2997285   4 vllm
2996578 2997286   7 vllm
2996578 2997287   3 vllm
2996578 2997288   8 vllm
2996578 2997289  19 vllm
2996578 2997290  14 vllm
2996578 2997291  15 vllm
2996578 2997386  25 ZMQbg/Reaper
2996578 2997387  26 ZMQbg/IO/0
2996578 2997388  29 ZMQbg/IO/1
2996578 3001843   9 vllm
2996578 3001844   0 vllm
2996578 3003027 157 vllm
