    PID     TID PSR COMMAND
3003603 3003603  73 vllm
3003603 3003631 159 PlogFlush
3003603 3003632  75 WatchdogMonitor
3003603 3003633 151 AtraceMonitor
3003603 3003842  65 iou-sqp-471433
3003603 3003876  66 vllm
3003603 3003877  67 vllm
3003603 3003878  68 vllm
3003603 3003879  69 vllm
3003603 3003880  70 vllm
3003603 3003881  48 vllm
3003603 3003882  49 vllm
3003603 3003883  50 vllm
3003603 3003884  51 vllm
3003603 3003885  52 vllm
3003603 3003886  53 vllm
3003603 3003887  54 vllm
3003603 3003888  56 vllm
3003603 3003889  57 vllm
3003603 3003890  59 vllm
3003603 3003891  60 vllm
3003603 3003892  61 vllm
3003603 3003893  62 vllm
3003603 3003894  71 vllm
3003603 3003895  55 vllm
3003603 3003896  58 vllm
3003603 3003897  64 vllm
3003603 3003898  65 vllm
3003603 3003899  50 vllm
3003603 3003900  51 vllm
3003603 3003901  66 vllm
3003603 3003902  63 vllm
3003603 3003903  48 vllm
3003603 3003904  52 vllm
3003603 3003905  53 vllm
3003603 3003906  54 vllm
3003603 3003907  56 vllm
3003603 3003908  57 vllm
3003603 3003909  59 vllm
3003603 3003910  60 vllm
3003603 3003911  61 vllm
3003603 3003912  62 vllm
3003603 3003913  63 vllm
3003603 3003914  69 vllm
3003603 3003915  70 vllm
3003603 3003916  68 vllm
3003603 3003917  71 vllm
3003603 3003918  67 vllm
3003603 3003919  55 vllm
3003603 3003920  58 vllm
3003603 3003921  64 vllm
3003603 3003922  65 vllm
3003603 3003923  67 vllm
3003603 3003924  68 vllm
3003603 3003925  70 vllm
3003603 3003926  69 vllm
3003603 3003927  55 vllm
3003603 3003928  58 vllm
3003603 3003929  64 vllm
3003603 3003930  65 vllm
3003603 3003931  71 vllm
3003603 3003932  50 vllm
3003603 3003933  51 vllm
3003603 3003934  62 vllm
3003603 3003935  66 vllm
3003603 3003936  60 vllm
3003603 3003937  61 vllm
3003603 3003938  48 vllm
3003603 3003939  52 vllm
3003603 3003940  53 vllm
3003603 3003941  54 vllm
3003603 3003942  57 vllm
3003603 3003943  59 vllm
3003603 3003944  56 vllm
3003603 3003945  63 vllm
3003603 3003946  50 vllm
3003603 3003947  51 vllm
3003603 3003948  66 vllm
3003603 3003949  68 vllm
3003603 3003950  69 vllm
3003603 3003951  70 vllm
3003603 3003952  48 vllm
3003603 3003953  52 vllm
3003603 3003954  67 vllm
3003603 3003955  56 vllm
3003603 3003956  53 vllm
3003603 3003957  54 vllm
3003603 3003958  57 vllm
3003603 3003959  59 vllm
3003603 3003960  60 vllm
3003603 3003961  62 vllm
3003603 3003962  61 vllm
3003603 3003963  63 vllm
3003603 3003964  55 vllm
3003603 3003965  58 vllm
3003603 3003966  65 vllm
3003603 3003967  64 vllm
3003603 3003968  71 vllm
3003603 3003969  55 vllm
3003603 3003970  65 vllm
3003603 3003971  58 vllm
3003603 3003972  61 vllm
3003603 3003973  71 vllm
3003603 3003974  64 vllm
3003603 3003975  60 vllm
3003603 3003976  62 vllm
3003603 3003977  54 vllm
3003603 3003978  63 vllm
3003603 3003979  53 vllm
3003603 3003980  57 vllm
3003603 3003981  59 vllm
3003603 3003982  50 vllm
3003603 3003983  51 vllm
3003603 3003984  68 vllm
3003603 3003985  66 vllm
3003603 3003986  50 vllm
3003603 3003987  51 vllm
3003603 3003988  67 vllm
3003603 3003989  68 vllm
3003603 3003990  48 vllm
3003603 3003991  52 vllm
3003603 3003992  56 vllm
3003603 3003993  66 vllm
3003603 3003994  67 vllm
3003603 3003995  69 vllm
3003603 3003996  70 vllm
3003603 3003997  53 vllm
3003603 3003998  57 vllm
3003603 3003999  59 vllm
3003603 3004000  69 vllm
3003603 3004001  70 vllm
3003603 3004002  54 vllm
3003603 3004003  61 vllm
3003603 3004004  52 vllm
3003603 3004005  56 vllm
3003603 3004006  48 vllm
3003603 3004007  62 vllm
3003603 3004008  54 vllm
3003603 3004009  60 vllm
3003603 3004010  61 vllm
3003603 3004011  57 vllm
3003603 3004012  53 vllm
3003603 3004013  59 vllm
3003603 3004014  62 vllm
3003603 3004015  60 vllm
3003603 3004016  71 vllm
3003603 3004017  69 vllm
3003603 3004018  70 vllm
3003603 3004019  48 vllm
3003603 3004020  49 vllm
3003603 3004021  65 vllm
3003603 3004022  71 vllm
3003603 3004023  66 vllm
3003603 3004024  55 vllm
3003603 3004025  64 vllm
3003603 3004026  55 vllm
3003603 3004027  49 vllm
3003603 3004028  49 vllm
3003603 3004029  65 vllm
3003603 3004030  52 vllm
3003603 3004031  64 vllm
3003603 3004032  66 vllm
3003603 3004033  51 vllm
3003603 3004034  58 vllm
3003603 3004035  68 vllm
3003603 3004036  67 vllm
3003603 3004037  56 vllm
3003603 3004038  53 vllm
3003603 3004039  54 vllm
3003603 3004040  49 vllm
3003603 3004041  69 vllm
3003603 3004042  49 vllm
3003603 3004043  70 vllm
3003603 3004044  58 vllm
3003603 3004045  61 vllm
3003603 3004046  60 vllm
3003603 3004047  62 vllm
3003603 3004048  52 vllm
3003603 3004049  57 vllm
3003603 3004050  63 vllm
3003603 3004051  63 vllm
3003603 3004052  50 vllm
3003603 3004053  50 vllm
3003603 3004054  64 vllm
3003603 3004055  51 vllm
3003603 3004056  51 vllm
3003603 3004057  70 vllm
3003603 3004058  57 vllm
3003603 3004059  63 vllm
3003603 3004060  50 vllm
3003603 3004061  58 vllm
3003603 3004062  59 vllm
3003603 3004063  62 vllm
3003603 3004064  64 vllm
3003603 3004065  48 vllm
3003603 3004066  48 vllm
3003603 3004067  67 vllm
3003603 3004106  49 ZMQbg/Reaper
3003603 3004107  54 ZMQbg/IO/0
3003603 3004108  52 ZMQbg/IO/1
3003603 3009337  77 vllm
3003603 3009338  64 vllm
3003603 3011946  74 vllm
