    PID     TID PSR COMMAND
3046358 3046358  99 vllm
3046358 3046391 106 PlogFlush
3046358 3046392 116 WatchdogMonitor
3046358 3046393 110 AtraceMonitor
3046358 3046463  97 iou-sqp-566554
3046358 3046476  97 vllm
3046358 3046477  98 vllm
3046358 3046478  99 vllm
3046358 3046479 100 vllm
3046358 3046480 101 vllm
3046358 3046481 103 vllm
3046358 3046482 104 vllm
3046358 3046483 106 vllm
3046358 3046484 108 vllm
3046358 3046485 110 vllm
3046358 3046486 111 vllm
3046358 3046487 113 vllm
3046358 3046488 114 vllm
3046358 3046489 115 vllm
3046358 3046490 117 vllm
3046358 3046491 119 vllm
3046358 3046492 105 vllm
3046358 3046493 107 vllm
3046358 3046494 109 vllm
3046358 3046495 112 vllm
3046358 3046496 116 vllm
3046358 3046497 118 vllm
3046358 3046498 102 vllm
3046358 3046499  97 vllm
3046358 3046500  98 vllm
3046358 3046501 104 vllm
3046358 3046502 106 vllm
3046358 3046503 108 vllm
3046358 3046504 109 vllm
3046358 3046505 110 vllm
3046358 3046506 111 vllm
3046358 3046507 113 vllm
3046358 3046508 116 vllm
3046358 3046509 101 vllm
3046358 3046510 103 vllm
3046358 3046511 105 vllm
3046358 3046512 107 vllm
3046358 3046513 112 vllm
3046358 3046514 117 vllm
3046358 3046515 118 vllm
3046358 3046516 119 vllm
3046358 3046517  99 vllm
3046358 3046518 100 vllm
3046358 3046519 114 vllm
3046358 3046520 115 vllm
3046358 3046521 102 vllm
3046358 3046522 101 vllm
3046358 3046523  99 vllm
3046358 3046524 100 vllm
3046358 3046525 114 vllm
3046358 3046526 115 vllm
3046358 3046527 103 vllm
3046358 3046528  97 vllm
3046358 3046529  98 vllm
3046358 3046530 104 vllm
3046358 3046531 106 vllm
3046358 3046532 108 vllm
3046358 3046533 110 vllm
3046358 3046534 111 vllm
3046358 3046535 113 vllm
3046358 3046536 117 vllm
3046358 3046537 109 vllm
3046358 3046538 119 vllm
3046358 3046539 116 vllm
3046358 3046540 105 vllm
3046358 3046541 107 vllm
3046358 3046542 112 vllm
3046358 3046543 118 vllm
3046358 3046544 102 vllm
3046358 3046545 101 vllm
3046358 3046546  97 vllm
3046358 3046547 107 vllm
3046358 3046548 103 vllm
3046358 3046549 102 vllm
3046358 3046550 105 vllm
3046358 3046551 112 vllm
3046358 3046552 118 vllm
3046358 3046553 116 vllm
3046358 3046554  98 vllm
3046358 3046555 104 vllm
3046358 3046556 106 vllm
3046358 3046557 108 vllm
3046358 3046558 110 vllm
3046358 3046559 111 vllm
3046358 3046560 100 vllm
3046358 3046561 113 vllm
3046358 3046562  99 vllm
3046358 3046563 109 vllm
3046358 3046564 117 vllm
3046358 3046565 119 vllm
3046358 3046566 114 vllm
3046358 3046567 115 vllm
3046358 3046568  99 vllm
3046358 3046569 100 vllm
3046358 3046570 117 vllm
3046358 3046571 114 vllm
3046358 3046572 115 vllm
3046358 3046573  98 vllm
3046358 3046574 111 vllm
3046358 3046575 119 vllm
3046358 3046576 109 vllm
3046358 3046577 110 vllm
3046358 3046578 108 vllm
3046358 3046579 113 vllm
3046358 3046580 104 vllm
3046358 3046581 106 vllm
3046358 3046582  97 vllm
3046358 3046583 103 vllm
3046358 3046584 116 vllm
3046358 3046585 101 vllm
3046358 3046586 106 vllm
3046358 3046587 104 vllm
3046358 3046588  97 vllm
3046358 3046589 103 vllm
3046358 3046590 116 vllm
3046358 3046591 101 vllm
3046358 3046592 112 vllm
3046358 3046593 118 vllm
3046358 3046594 108 vllm
3046358 3046595 105 vllm
3046358 3046596 107 vllm
3046358 3046597 102 vllm
3046358 3046598 112 vllm
3046358 3046599 118 vllm
3046358 3046600  98 vllm
3046358 3046601 105 vllm
3046358 3046602 107 vllm
3046358 3046603 102 vllm
3046358 3046604 113 vllm
3046358 3046605 109 vllm
3046358 3046606 110 vllm
3046358 3046607  98 vllm
3046358 3046608 115 vllm
3046358 3046609 119 vllm
3046358 3046610 113 vllm
3046358 3046611 109 vllm
3046358 3046612 110 vllm
3046358 3046613  99 vllm
3046358 3046614 115 vllm
3046358 3046615 119 vllm
3046358 3046616 114 vllm
3046358 3046617 116 vllm
3046358 3046618 111 vllm
3046358 3046619 108 vllm
3046358 3046620 100 vllm
3046358 3046621 111 vllm
3046358 3046622 117 vllm
3046358 3046623  72 vllm
3046358 3046624  97 vllm
3046358 3046625  99 vllm
3046358 3046626 114 vllm
3046358 3046627 104 vllm
3046358 3046628 106 vllm
3046358 3046629 101 vllm
3046358 3046630 103 vllm
3046358 3046631 112 vllm
3046358 3046632 107 vllm
3046358 3046633 100 vllm
3046358 3046634 118 vllm
3046358 3046635 105 vllm
3046358 3046636 117 vllm
3046358 3046637 102 vllm
3046358 3046638  73 vllm
3046358 3046639  97 vllm
3046358 3046640  99 vllm
3046358 3046641 105 vllm
3046358 3046642 106 vllm
3046358 3046643  77 vllm
3046358 3046644 104 vllm
3046358 3046645 102 vllm
3046358 3046646 118 vllm
3046358 3046647 101 vllm
3046358 3046648 100 vllm
3046358 3046649 107 vllm
3046358 3046650 112 vllm
3046358 3046651 114 vllm
3046358 3046652  96 vllm
3046358 3046653 169 vllm
3046358 3046654 106 vllm
3046358 3046655  98 vllm
3046358 3046656 113 vllm
3046358 3046657 109 vllm
3046358 3046658 110 vllm
3046358 3046659 115 vllm
3046358 3046660 119 vllm
3046358 3046661 116 vllm
3046358 3046662  66 vllm
3046358 3046663 108 vllm
3046358 3046664 103 vllm
3046358 3046665 111 vllm
3046358 3046666 108 vllm
3046358 3046667 103 vllm
3046358 3046941  97 ZMQbg/Reaper
3046358 3046942  98 ZMQbg/IO/0
3046358 3046943 107 ZMQbg/IO/1
3046358 3052036 101 vllm
3046358 3052037 109 vllm
3046358 3054230 100 vllm
