    PID     TID PSR COMMAND
3036591 3036591  99 vllm
3036591 3036654  22 PlogFlush
3036591 3036655 103 WatchdogMonitor
3036591 3036656   2 AtraceMonitor
3036591 3036819  13 iou-sqp-545834
3036591 3036825  10 vllm
3036591 3036826  11 vllm
3036591 3036827  12 vllm
3036591 3036828  13 vllm
3036591 3036829  14 vllm
3036591 3036830  15 vllm
3036591 3036831  16 vllm
3036591 3036832  17 vllm
3036591 3036833  18 vllm
3036591 3036834  20 vllm
3036591 3036835  22 vllm
3036591 3036836   2 vllm
3036591 3036837   4 vllm
3036591 3036838   6 vllm
3036591 3036839   7 vllm
3036591 3036840   9 vllm
3036591 3036841  19 vllm
3036591 3036842  23 vllm
3036591 3036843   0 vllm
3036591 3036844   1 vllm
3036591 3036845   3 vllm
3036591 3036846  21 vllm
3036591 3036847   5 vllm
3036591 3036848   6 vllm
3036591 3036849   7 vllm
3036591 3036850  16 vllm
3036591 3036851   9 vllm
3036591 3036852  10 vllm
3036591 3036853  13 vllm
3036591 3036854  14 vllm
3036591 3036855  15 vllm
3036591 3036856  20 vllm
3036591 3036857  17 vllm
3036591 3036858  18 vllm
3036591 3036859  19 vllm
3036591 3036860   4 vllm
3036591 3036861  22 vllm
3036591 3036862  23 vllm
3036591 3036863 160 vllm
3036591 3036864   1 vllm
3036591 3036865   3 vllm
3036591 3036866  11 vllm
3036591 3036867  10 vllm
3036591 3036868  12 vllm
3036591 3036869   2 vllm
3036591 3036870   0 vllm
3036591 3036871  21 vllm
3036591 3036872   5 vllm
3036591 3036873  13 vllm
3036591 3036874  14 vllm
3036591 3036875  15 vllm
3036591 3036876   6 vllm
3036591 3036877  17 vllm
3036591 3036878  18 vllm
3036591 3036879  16 vllm
3036591 3036880  22 vllm
3036591 3036881  11 vllm
3036591 3036882   7 vllm
3036591 3036883   9 vllm
3036591 3036884  12 vllm
3036591 3036885   2 vllm
3036591 3036886   4 vllm
3036591 3036887  20 vllm
3036591 3036888  23 vllm
3036591 3036889   3 vllm
3036591 3036890   1 vllm
3036591 3036891   0 vllm
3036591 3036892  21 vllm
3036591 3036893   5 vllm
3036591 3036894  20 vllm
3036591 3036895   3 vllm
3036591 3036896   1 vllm
3036591 3036897   4 vllm
3036591 3036898   9 vllm
3036591 3036899  14 vllm
3036591 3036900  23 vllm
3036591 3036901   7 vllm
3036591 3036902  10 vllm
3036591 3036903  13 vllm
3036591 3036904  15 vllm
3036591 3036905  18 vllm
3036591 3036906  16 vllm
3036591 3036907  17 vllm
3036591 3036908  22 vllm
3036591 3036909   6 vllm
3036591 3036910  11 vllm
3036591 3036911  12 vllm
3036591 3036912   0 vllm
3036591 3036913   2 vllm
3036591 3036914  21 vllm
3036591 3036915   8 vllm
3036591 3036916   5 vllm
3036591 3036917  11 vllm
3036591 3036918  12 vllm
3036591 3036919   6 vllm
3036591 3036920   7 vllm
3036591 3036921   8 vllm
3036591 3036922   5 vllm
3036591 3036923  17 vllm
3036591 3036924   2 vllm
3036591 3036925  21 vllm
3036591 3036926   8 vllm
3036591 3036927   9 vllm
3036591 3036928  16 vllm
3036591 3036929  19 vllm
3036591 3036930  10 vllm
3036591 3036931   8 vllm
3036591 3036932  15 vllm
3036591 3036933  18 vllm
3036591 3036934  23 vllm
3036591 3036935   9 vllm
3036591 3036936   8 vllm
3036591 3036937  13 vllm
3036591 3036938  22 vllm
3036591 3036939  20 vllm
3036591 3036940   4 vllm
3036591 3036941  14 vllm
3036591 3036942   1 vllm
3036591 3036943   3 vllm
3036591 3036944   7 vllm
3036591 3036945  13 vllm
3036591 3036946  23 vllm
3036591 3036947  22 vllm
3036591 3036948  17 vllm
3036591 3036949  10 vllm
3036591 3036950  20 vllm
3036591 3036951  15 vllm
3036591 3036952  16 vllm
3036591 3036953  18 vllm
3036591 3036954  11 vllm
3036591 3036955   5 vllm
3036591 3036956   9 vllm
3036591 3036957   8 vllm
3036591 3036958   3 vllm
3036591 3036959  12 vllm
3036591 3036960   2 vllm
3036591 3036961   2 vllm
3036591 3036962   6 vllm
3036591 3036963   6 vllm
3036591 3036964  14 vllm
3036591 3036965  12 vllm
3036591 3036966  21 vllm
3036591 3036967   4 vllm
3036591 3036968   4 vllm
3036591 3036969  14 vllm
3036591 3036970   1 vllm
3036591 3036971   5 vllm
3036591 3036972  19 vllm
3036591 3036973  10 vllm
3036591 3036974  15 vllm
3036591 3036975   7 vllm
3036591 3036976  23 vllm
3036591 3036977  18 vllm
3036591 3036978  17 vllm
3036591 3036979  11 vllm
3036591 3036980   1 vllm
3036591 3036981  13 vllm
3036591 3036982  21 vllm
3036591 3036983  16 vllm
3036591 3036984  22 vllm
3036591 3036985  20 vllm
3036591 3036986   3 vllm
3036591 3036987   5 vllm
3036591 3036988  22 vllm
3036591 3036989  11 vllm
3036591 3036990  17 vllm
3036591 3036991  13 vllm
3036591 3036992   2 vllm
3036591 3036993  16 vllm
3036591 3036994  21 vllm
3036591 3036995   4 vllm
3036591 3036996  18 vllm
3036591 3036997  23 vllm
3036591 3036998   3 vllm
3036591 3036999   9 vllm
3036591 3037000 105 vllm
3036591 3037001   0 vllm
3036591 3037002  20 vllm
3036591 3037003  15 vllm
3036591 3037004   7 vllm
3036591 3037005   7 vllm
3036591 3037006   0 vllm
3036591 3037007  12 vllm
3036591 3037008   6 vllm
3036591 3037009  14 vllm
3036591 3037010   9 vllm
3036591 3037011   1 vllm
3036591 3037012  10 vllm
3036591 3037013  18 vllm
3036591 3037014   0 vllm
3036591 3037015  15 vllm
3036591 3037016  19 vllm
3036591 3037185   2 ZMQbg/Reaper
3036591 3037186   3 ZMQbg/IO/0
3036591 3037187   6 ZMQbg/IO/1
3036591 3043593 100 vllm
3036591 3043594  11 vllm
3036591 3045780 100 vllm
