    PID     TID PSR COMMAND
1429079 1429079 171 vllm
1429079 1429123 173 PlogFlush
1429079 1429124   6 WatchdogMonitor
1429079 1429125  23 AtraceMonitor
1429079 1429196 154 iou-sqp-1102359
1429079 1429237  75 vllm
1429079 1429238  76 vllm
1429079 1429239  77 vllm
1429079 1429240  79 vllm
1429079 1429241  81 vllm
1429079 1429242  82 vllm
1429079 1429243  90 vllm
1429079 1429244  91 vllm
1429079 1429245  92 vllm
1429079 1429246  93 vllm
1429079 1429247  94 vllm
1429079 1429248  95 vllm
1429079 1429249  85 vllm
1429079 1429250  86 vllm
1429079 1429251  83 vllm
1429079 1429252  78 vllm
1429079 1429253  80 vllm
1429079 1429254  84 vllm
1429079 1429255  74 vllm
1429079 1429256  88 vllm
1429079 1429257  75 vllm
1429079 1429258  93 vllm
1429079 1429259  76 vllm
1429079 1429260  77 vllm
1429079 1429261  79 vllm
1429079 1429262  81 vllm
1429079 1429263  82 vllm
1429079 1429264  88 vllm
1429079 1429265  94 vllm
1429079 1429266  95 vllm
1429079 1429267  92 vllm
1429079 1429268  90 vllm
1429079 1429269  91 vllm
1429079 1429270  85 vllm
1429079 1429271  86 vllm
1429079 1429272  83 vllm
1429079 1429273  84 vllm
1429079 1429274  80 vllm
1429079 1429275  78 vllm
1429079 1429276  89 vllm
1429079 1429277  87 vllm
1429079 1429278  91 vllm
1429079 1429279  90 vllm
1429079 1429280  92 vllm
1429079 1429281  76 vllm
1429079 1429282  77 vllm
1429079 1429283  79 vllm
1429079 1429284  82 vllm
1429079 1429285  81 vllm
1429079 1429286  94 vllm
1429079 1429287  95 vllm
1429079 1429288  75 vllm
1429079 1429289  85 vllm
1429079 1429290  88 vllm
1429079 1429291  93 vllm
1429079 1429292  82 vllm
1429079 1429293  83 vllm
1429079 1429294  80 vllm
1429079 1429295  78 vllm
1429079 1429296  84 vllm
1429079 1429297  86 vllm
1429079 1429298  81 vllm
1429079 1429299  93 vllm
1429079 1429300  79 vllm
1429079 1429301  75 vllm
1429079 1429302  76 vllm
1429079 1429303  77 vllm
1429079 1429304  88 vllm
1429079 1429305  85 vllm
1429079 1429306  94 vllm
1429079 1429307  83 vllm
1429079 1429308  80 vllm
1429079 1429309  95 vllm
1429079 1429310  86 vllm
1429079 1429311  92 vllm
1429079 1429312  84 vllm
1429079 1429313  78 vllm
1429079 1429314  91 vllm
1429079 1429315  90 vllm
1429079 1429316  72 vllm
1429079 1429317  72 vllm
1429079 1429318  91 vllm
1429079 1429319  94 vllm
1429079 1429320  74 vllm
1429079 1429321  76 vllm
1429079 1429322  90 vllm
1429079 1429323  77 vllm
1429079 1429324  95 vllm
1429079 1429325  79 vllm
1429079 1429326  92 vllm
1429079 1429327  75 vllm
1429079 1429328  78 vllm
1429079 1429329  88 vllm
1429079 1429330  84 vllm
1429079 1429331  83 vllm
1429079 1429332  93 vllm
1429079 1429333  85 vllm
1429079 1429334  80 vllm
1429079 1429335  81 vllm
1429079 1429336  81 vllm
1429079 1429337  86 vllm
1429079 1429338  72 vllm
1429079 1429339  92 vllm
1429079 1429340  93 vllm
1429079 1429341  95 vllm
1429079 1429342  87 vllm
1429079 1429343  76 vllm
1429079 1429344  87 vllm
1429079 1429345  87 vllm
1429079 1429346  75 vllm
1429079 1429347  88 vllm
1429079 1429348  90 vllm
1429079 1429349  91 vllm
1429079 1429350  83 vllm
1429079 1429351  94 vllm
1429079 1429352  77 vllm
1429079 1429353  85 vllm
1429079 1429354  80 vllm
1429079 1429355  84 vllm
1429079 1429356  79 vllm
1429079 1429357  86 vllm
1429079 1429358  87 vllm
1429079 1429359  81 vllm
1429079 1429360  78 vllm
1429079 1429361  93 vllm
1429079 1429362  79 vllm
1429079 1429363 112 vllm
1429079 1429364 102 vllm
1429079 1429365  76 vllm
1429079 1429366  92 vllm
1429079 1429367  95 vllm
1429079 1429368  73 vllm
1429079 1429369  84 vllm
1429079 1429370  87 vllm
1429079 1429371  75 vllm
1429079 1429372  90 vllm
1429079 1429373  73 vllm
1429079 1429374  73 vllm
1429079 1429375  77 vllm
1429079 1429376  86 vllm
1429079 1429377  81 vllm
1429079 1429378  80 vllm
1429079 1429379  85 vllm
1429079 1429380  94 vllm
1429079 1429381  94 vllm
1429079 1429382  94 vllm
1429079 1429383  81 vllm
1429079 1429384  79 vllm
1429079 1429385  77 vllm
1429079 1429386  78 vllm
1429079 1429387  84 vllm
1429079 1429388  85 vllm
1429079 1429389  93 vllm
1429079 1429390  93 vllm
1429079 1429391  91 vllm
1429079 1429392  89 vllm
1429079 1429393  90 vllm
1429079 1429394  75 vllm
1429079 1429395  95 vllm
1429079 1429396  76 vllm
1429079 1429397  92 vllm
1429079 1429398  91 vllm
1429079 1429399  88 vllm
1429079 1429400  78 vllm
1429079 1429401  90 vllm
1429079 1429402  80 vllm
1429079 1429403  90 vllm
1429079 1429404  73 vllm
1429079 1429405  86 vllm
1429079 1429406  88 vllm
1429079 1429407  76 vllm
1429079 1429408  76 vllm
1429079 1429409  88 vllm
1429079 1429410  76 vllm
1429079 1429411  81 vllm
1429079 1429412  73 vllm
1429079 1429413  77 vllm
1429079 1429414  73 vllm
1429079 1429415  80 vllm
1429079 1429416  77 vllm
1429079 1429417  75 vllm
1429079 1429418  73 vllm
1429079 1429419  94 vllm
1429079 1429420  92 vllm
1429079 1429421  92 vllm
1429079 1429422  94 vllm
1429079 1429423  79 vllm
1429079 1429424  73 vllm
1429079 1429425  85 vllm
1429079 1429426  95 vllm
1429079 1429427  84 vllm
1429079 1429428  95 vllm
1429079 1429727 148 ZMQbg/Reaper
1429079 1429728 106 ZMQbg/IO/0
1429079 1429729 162 ZMQbg/IO/1
1429079 1433499 171 vllm
1429079 1433500 153 vllm
1429079 1436567 173 vllm
