    PID     TID PSR COMMAND
2968953 2968953 135 vllm
2968953 2968994 108 PlogFlush
2968953 2968995  99 WatchdogMonitor
2968953 2968996  97 AtraceMonitor
2968953 2969352  97 iou-sqp-384938
2968953 2969507 137 vllm
2968953 2969508 139 vllm
2968953 2969509 140 vllm
2968953 2969510 141 vllm
2968953 2969511 142 vllm
2968953 2969512 120 vllm
2968953 2969513 122 vllm
2968953 2969514 126 vllm
2968953 2969515 129 vllm
2968953 2969516 127 vllm
2968953 2969517 128 vllm
2968953 2969518 130 vllm
2968953 2969519 123 vllm
2968953 2969520 121 vllm
2968953 2969521 125 vllm
2968953 2969522 120 vllm
2968953 2969523 131 vllm
2968953 2969524 136 vllm
2968953 2969525 138 vllm
2968953 2969526 143 vllm
2968953 2969527 132 vllm
2968953 2969528 135 vllm
2968953 2969529 133 vllm
2968953 2969530 134 vllm
2968953 2969531 137 vllm
2968953 2969532 139 vllm
2968953 2969533 141 vllm
2968953 2969534 140 vllm
2968953 2969535 125 vllm
2968953 2969536 142 vllm
2968953 2969537 122 vllm
2968953 2969538 125 vllm
2968953 2969539 129 vllm
2968953 2969540 127 vllm
2968953 2969541 128 vllm
2968953 2969542 124 vllm
2968953 2969543 123 vllm
2968953 2969544 125 vllm
2968953 2969545 121 vllm
2968953 2969546 133 vllm
2968953 2969547 135 vllm
2968953 2969548 130 vllm
2968953 2969549 143 vllm
2968953 2969550 132 vllm
2968953 2969551 138 vllm
2968953 2969552 136 vllm
2968953 2969553 124 vllm
2968953 2969554 131 vllm
2968953 2969555 134 vllm
2968953 2969556 125 vllm
2968953 2969557 137 vllm
2968953 2969558 142 vllm
2968953 2969559 130 vllm
2968953 2969560 121 vllm
2968953 2969561 122 vllm
2968953 2969562 141 vllm
2968953 2969563 124 vllm
2968953 2969564 127 vllm
2968953 2969565 129 vllm
2968953 2969566 139 vllm
2968953 2969567 128 vllm
2968953 2969568 123 vllm
2968953 2969569 140 vllm
2968953 2969570 132 vllm
2968953 2969571 135 vllm
2968953 2969572 127 vllm
2968953 2969573 133 vllm
2968953 2969574 138 vllm
2968953 2969575 136 vllm
2968953 2969576 131 vllm
2968953 2969577 134 vllm
2968953 2969578 139 vllm
2968953 2969579 141 vllm
2968953 2969580 142 vllm
2968953 2969581 129 vllm
2968953 2969582 140 vllm
2968953 2969583 122 vllm
2968953 2969584 124 vllm
2968953 2969585 123 vllm
2968953 2969586 137 vllm
2968953 2969587 123 vllm
2968953 2969588 133 vllm
2968953 2969589 128 vllm
2968953 2969590 143 vllm
2968953 2969591 135 vllm
2968953 2969592 138 vllm
2968953 2969593 130 vllm
2968953 2969594 132 vllm
2968953 2969595 136 vllm
2968953 2969596 121 vllm
2968953 2969597 131 vllm
2968953 2969598 143 vllm
2968953 2969599 134 vllm
2968953 2969600 120 vllm
2968953 2969601 120 vllm
2968953 2969602 121 vllm
2968953 2969603 124 vllm
2968953 2969604 140 vllm
2968953 2969605 122 vllm
2968953 2969606 130 vllm
2968953 2969607 137 vllm
2968953 2969608 139 vllm
2968953 2969609 141 vllm
2968953 2969610 128 vllm
2968953 2969611 129 vllm
2968953 2969612 131 vllm
2968953 2969613 134 vllm
2968953 2969614 133 vllm
2968953 2969615 136 vllm
2968953 2969616 138 vllm
2968953 2969617 138 vllm
2968953 2969618 135 vllm
2968953 2969619 129 vllm
2968953 2969620 122 vllm
2968953 2969621 132 vllm
2968953 2969622 132 vllm
2968953 2969623 139 vllm
2968953 2969624 137 vllm
2968953 2969625 135 vllm
2968953 2969626 124 vllm
2968953 2969627 127 vllm
2968953 2969628 143 vllm
2968953 2969629 141 vllm
2968953 2969630 135 vllm
2968953 2969631 133 vllm
2968953 2969632 136 vllm
2968953 2969633 140 vllm
2968953 2969634 130 vllm
2968953 2969635 120 vllm
2968953 2969636 127 vllm
2968953 2969637 126 vllm
2968953 2969638 142 vllm
2968953 2969639 131 vllm
2968953 2969640 126 vllm
2968953 2969641 121 vllm
2968953 2969642 121 vllm
2968953 2969643 120 vllm
2968953 2969644 137 vllm
2968953 2969645 126 vllm
2968953 2969646 124 vllm
2968953 2969647 139 vllm
2968953 2969648 122 vllm
2968953 2969649 141 vllm
2968953 2969650 134 vllm
2968953 2969651 143 vllm
2968953 2969652 133 vllm
2968953 2969653 140 vllm
2968953 2969654 142 vllm
2968953 2969655 129 vllm
2968953 2969656 128 vllm
2968953 2969657 138 vllm
2968953 2969658 131 vllm
2968953 2969659 132 vllm
2968953 2969660 136 vllm
2968953 2969661 142 vllm
2968953 2969662 128 vllm
2968953 2969663 134 vllm
2968953 2969664 127 vllm
2968953 2969665 130 vllm
2968953 2969666 121 vllm
2968953 2969667 130 vllm
2968953 2969668 140 vllm
2968953 2969669 139 vllm
2968953 2969670 141 vllm
2968953 2969671  99 vllm
2968953 2969672 100 vllm
2968953 2969673 133 vllm
2968953 2969674 122 vllm
2968953 2969675 137 vllm
2968953 2969676 126 vllm
2968953 2969677 142 vllm
2968953 2969678 136 vllm
2968953 2969679 121 vllm
2968953 2969680 134 vllm
2968953 2969681 138 vllm
2968953 2969682 126 vllm
2968953 2969683 127 vllm
2968953 2969684 123 vllm
2968953 2969685 123 vllm
2968953 2969686 123 vllm
2968953 2969687  63 vllm
2968953 2969688 143 vllm
2968953 2969689 126 vllm
2968953 2969690 128 vllm
2968953 2969691 126 vllm
2968953 2969692 139 vllm
2968953 2969693 141 vllm
2968953 2969694 101 vllm
2968953 2969695 100 vllm
2968953 2969696 124 vllm
2968953 2969697 135 vllm
2968953 2969698 129 vllm
2968953 2969780 138 ZMQbg/Reaper
2968953 2969781 139 ZMQbg/IO/0
2968953 2969782 140 ZMQbg/IO/1
2968953 2976435 129 vllm
2968953 2976436 136 vllm
2968953 2978105 136 vllm
