    PID     TID PSR COMMAND
1436966 1436966  82 vllm
1436966 1437089 151 PlogFlush
1436966 1437090 159 WatchdogMonitor
1436966 1437091 163 AtraceMonitor
1436966 1437245  75 iou-sqp-1117866
1436966 1437325  80 vllm
1436966 1437326  82 vllm
1436966 1437327  83 vllm
1436966 1437328  84 vllm
1436966 1437329  86 vllm
1436966 1437330  88 vllm
1436966 1437331  89 vllm
1436966 1437332  91 vllm
1436966 1437333  92 vllm
1436966 1437334  94 vllm
1436966 1437335  95 vllm
1436966 1437336  90 vllm
1436966 1437337  75 vllm
1436966 1437338  93 vllm
1436966 1437339  85 vllm
1436966 1437340  78 vllm
1436966 1437341  81 vllm
1436966 1437342  72 vllm
1436966 1437343  79 vllm
1436966 1437344  76 vllm
1436966 1437345  87 vllm
1436966 1437346  88 vllm
1436966 1437347  95 vllm
1436966 1437348  83 vllm
1436966 1437349  84 vllm
1436966 1437350  81 vllm
1436966 1437351  85 vllm
1436966 1437352  89 vllm
1436966 1437353  90 vllm
1436966 1437354  94 vllm
1436966 1437355  87 vllm
1436966 1437356  85 vllm
1436966 1437357  80 vllm
1436966 1437358  92 vllm
1436966 1437359  75 vllm
1436966 1437360  91 vllm
1436966 1437361  93 vllm
1436966 1437362  78 vllm
1436966 1437363  86 vllm
1436966 1437364  82 vllm
1436966 1437365  76 vllm
1436966 1437366  79 vllm
1436966 1437367  72 vllm
1436966 1437368  87 vllm
1436966 1437369  82 vllm
1436966 1437370  80 vllm
1436966 1437371  92 vllm
1436966 1437372  83 vllm
1436966 1437373  91 vllm
1436966 1437374  95 vllm
1436966 1437375  93 vllm
1436966 1437376  86 vllm
1436966 1437377  75 vllm
1436966 1437378  94 vllm
1436966 1437379  89 vllm
1436966 1437380  91 vllm
1436966 1437381  78 vllm
1436966 1437382  76 vllm
1436966 1437383  79 vllm
1436966 1437384  81 vllm
1436966 1437385  87 vllm
1436966 1437386  82 vllm
1436966 1437387  83 vllm
1436966 1437388  80 vllm
1436966 1437389  91 vllm
1436966 1437390  90 vllm
1436966 1437391  86 vllm
1436966 1437392  90 vllm
1436966 1437393  78 vllm
1436966 1437394  94 vllm
1436966 1437395  89 vllm
1436966 1437396  79 vllm
1436966 1437397  95 vllm
1436966 1437398  92 vllm
1436966 1437399  93 vllm
1436966 1437400  81 vllm
1436966 1437401  72 vllm
1436966 1437402  76 vllm
1436966 1437403  77 vllm
1436966 1437404  79 vllm
1436966 1437405  87 vllm
1436966 1437406  91 vllm
1436966 1437407  81 vllm
1436966 1437408  83 vllm
1436966 1437409  86 vllm
1436966 1437410  77 vllm
1436966 1437411  78 vllm
1436966 1437412  77 vllm
1436966 1437413  89 vllm
1436966 1437414  94 vllm
1436966 1437415  95 vllm
1436966 1437416  92 vllm
1436966 1437417  78 vllm
1436966 1437418  93 vllm
1436966 1437419  94 vllm
1436966 1437420  76 vllm
1436966 1437421  80 vllm
1436966 1437422  82 vllm
1436966 1437423  83 vllm
1436966 1437424  90 vllm
1436966 1437425  87 vllm
1436966 1437426  80 vllm
1436966 1437427  83 vllm
1436966 1437428  90 vllm
1436966 1437429  86 vllm
1436966 1437430  84 vllm
1436966 1437431  81 vllm
1436966 1437432  73 vllm
1436966 1437433  93 vllm
1436966 1437434  89 vllm
1436966 1437435  77 vllm
1436966 1437436  78 vllm
1436966 1437437  92 vllm
1436966 1437438  95 vllm
1436966 1437439  73 vllm
1436966 1437440  93 vllm
1436966 1437441  76 vllm
1436966 1437442  81 vllm
1436966 1437443  80 vllm
1436966 1437444  73 vllm
1436966 1437445  73 vllm
1436966 1437446  82 vllm
1436966 1437447  73 vllm
1436966 1437448  99 vllm
1436966 1437449  85 vllm
1436966 1437450  87 vllm
1436966 1437451  80 vllm
1436966 1437452  86 vllm
1436966 1437453  84 vllm
1436966 1437454  88 vllm
1436966 1437455  53 vllm
1436966 1437456  90 vllm
1436966 1437457  81 vllm
1436966 1437458  82 vllm
1436966 1437459  77 vllm
1436966 1437460  82 vllm
1436966 1437461  77 vllm
1436966 1437462  92 vllm
1436966 1437463  93 vllm
1436966 1437464  93 vllm
1436966 1437465  76 vllm
1436966 1437466  94 vllm
1436966 1437467  79 vllm
1436966 1437468  87 vllm
1436966 1437469  85 vllm
1436966 1437470  88 vllm
1436966 1437471  89 vllm
1436966 1437472  90 vllm
1436966 1437473  90 vllm
1436966 1437474  86 vllm
1436966 1437475  86 vllm
1436966 1437476  89 vllm
1436966 1437477  88 vllm
1436966 1437478  83 vllm
1436966 1437479  89 vllm
1436966 1437480  60 vllm
1436966 1437481  77 vllm
1436966 1437482  84 vllm
1436966 1437483  72 vllm
1436966 1437484  92 vllm
1436966 1437485  92 vllm
1436966 1437486  95 vllm
1436966 1437487  95 vllm
1436966 1437488  88 vllm
1436966 1437489  72 vllm
1436966 1437490  82 vllm
1436966 1437491  88 vllm
1436966 1437492  73 vllm
1436966 1437493  90 vllm
1436966 1437494  86 vllm
1436966 1437495  95 vllm
1436966 1437496  72 vllm
1436966 1437497  79 vllm
1436966 1437498  79 vllm
1436966 1437499  80 vllm
1436966 1437500  87 vllm
1436966 1437501  72 vllm
1436966 1437502  87 vllm
1436966 1437503  79 vllm
1436966 1437504  93 vllm
1436966 1437505  76 vllm
1436966 1437506  72 vllm
1436966 1437507  94 vllm
1436966 1437508  93 vllm
1436966 1437509  73 vllm
1436966 1437510  73 vllm
1436966 1437511  77 vllm
1436966 1437512  77 vllm
1436966 1437513  72 vllm
1436966 1437514  89 vllm
1436966 1437515  85 vllm
1436966 1437516  80 vllm
1436966 1437589  83 ZMQbg/Reaper
1436966 1437590  84 ZMQbg/IO/0
1436966 1437591  81 ZMQbg/IO/1
1436966 1440512  87 vllm
1436966 1440513  92 vllm
1436966 1441624  86 vllm
