    PID     TID PSR COMMAND
2979726 2979726 147 vllm
2979726 2979745 149 PlogFlush
2979726 2979746 151 WatchdogMonitor
2979726 2979747 157 AtraceMonitor
2979726 2980050 147 iou-sqp-406941
2979726 2980075 147 vllm
2979726 2980076 148 vllm
2979726 2980077 149 vllm
2979726 2980078 150 vllm
2979726 2980079 152 vllm
2979726 2980080 153 vllm
2979726 2980081 154 vllm
2979726 2980082 160 vllm
2979726 2980083 164 vllm
2979726 2980084 166 vllm
2979726 2980085 167 vllm
2979726 2980086 151 vllm
2979726 2980087 155 vllm
2979726 2980088 156 vllm
2979726 2980089 158 vllm
2979726 2980090 163 vllm
2979726 2980091 165 vllm
2979726 2980092 145 vllm
2979726 2980093 146 vllm
2979726 2980094 157 vllm
2979726 2980095 161 vllm
2979726 2980096 159 vllm
2979726 2980097 162 vllm
2979726 2980098 165 vllm
2979726 2980099 146 vllm
2979726 2980100 145 vllm
2979726 2980101 147 vllm
2979726 2980102 162 vllm
2979726 2980103 148 vllm
2979726 2980104 149 vllm
2979726 2980105 150 vllm
2979726 2980106 155 vllm
2979726 2980107 164 vllm
2979726 2980108 166 vllm
2979726 2980109 167 vllm
2979726 2980110 151 vllm
2979726 2980111 154 vllm
2979726 2980112 156 vllm
2979726 2980113 161 vllm
2979726 2980114 152 vllm
2979726 2980115 153 vllm
2979726 2980116 158 vllm
2979726 2980117 159 vllm
2979726 2980118 157 vllm
2979726 2980119 163 vllm
2979726 2980120 161 vllm
2979726 2980121 152 vllm
2979726 2980122 160 vllm
2979726 2980123 162 vllm
2979726 2980124 153 vllm
2979726 2980125 154 vllm
2979726 2980126 147 vllm
2979726 2980127 148 vllm
2979726 2980128 160 vllm
2979726 2980129 149 vllm
2979726 2980130 150 vllm
2979726 2980131 164 vllm
2979726 2980132 166 vllm
2979726 2980133 165 vllm
2979726 2980134 167 vllm
2979726 2980135 155 vllm
2979726 2980136 146 vllm
2979726 2980137 145 vllm
2979726 2980138 151 vllm
2979726 2980139 156 vllm
2979726 2980140 158 vllm
2979726 2980141 157 vllm
2979726 2980142 159 vllm
2979726 2980143 163 vllm
2979726 2980144 160 vllm
2979726 2980145 158 vllm
2979726 2980146 156 vllm
2979726 2980147 159 vllm
2979726 2980148 163 vllm
2979726 2980149 153 vllm
2979726 2980150 145 vllm
2979726 2980151 152 vllm
2979726 2980152 151 vllm
2979726 2980153 157 vllm
2979726 2980154 155 vllm
2979726 2980155 146 vllm
2979726 2980156 167 vllm
2979726 2980157 147 vllm
2979726 2980158 148 vllm
2979726 2980159 165 vllm
2979726 2980160 154 vllm
2979726 2980161 149 vllm
2979726 2980162 150 vllm
2979726 2980163 164 vllm
2979726 2980164 166 vllm
2979726 2980165 154 vllm
2979726 2980166 149 vllm
2979726 2980167 150 vllm
2979726 2980168 164 vllm
2979726 2980169 166 vllm
2979726 2980170 158 vllm
2979726 2980171 165 vllm
2979726 2980172 167 vllm
2979726 2980173 156 vllm
2979726 2980174 159 vllm
2979726 2980175 162 vllm
2979726 2980176 160 vllm
2979726 2980177 155 vllm
2979726 2980178 153 vllm
2979726 2980179 145 vllm
2979726 2980180 146 vllm
2979726 2980181 151 vllm
2979726 2980182 152 vllm
2979726 2980183 147 vllm
2979726 2980184 157 vllm
2979726 2980185 148 vllm
2979726 2980186 161 vllm
2979726 2980187 162 vllm
2979726 2980188 160 vllm
2979726 2980189 163 vllm
2979726 2980190 154 vllm
2979726 2980191 149 vllm
2979726 2980192 150 vllm
2979726 2980193 162 vllm
2979726 2980194 164 vllm
2979726 2980195 153 vllm
2979726 2980196 155 vllm
2979726 2980197 145 vllm
2979726 2980198 146 vllm
2979726 2980199 144 vllm
2979726 2980200 159 vllm
2979726 2980201 167 vllm
2979726 2980202 159 vllm
2979726 2980203 151 vllm
2979726 2980204 152 vllm
2979726 2980205 160 vllm
2979726 2980206 147 vllm
2979726 2980207 148 vllm
2979726 2980208 164 vllm
2979726 2980209 165 vllm
2979726 2980210 158 vllm
2979726 2980211 145 vllm
2979726 2980212 146 vllm
2979726 2980213 163 vllm
2979726 2980214 147 vllm
2979726 2980215 148 vllm
2979726 2980216 151 vllm
2979726 2980217 152 vllm
2979726 2980218 165 vllm
2979726 2980219 158 vllm
2979726 2980220 166 vllm
2979726 2980221 156 vllm
2979726 2980222 157 vllm
2979726 2980223 161 vllm
2979726 2980224 154 vllm
2979726 2980225 149 vllm
2979726 2980226 166 vllm
2979726 2980227 150 vllm
2979726 2980228 153 vllm
2979726 2980229 156 vllm
2979726 2980230 155 vllm
2979726 2980231 167 vllm
2979726 2980232 162 vllm
2979726 2980233 159 vllm
2979726 2980234 160 vllm
2979726 2980235 161 vllm
2979726 2980236 164 vllm
2979726 2980237 153 vllm
2979726 2980238 148 vllm
2979726 2980239 157 vllm
2979726 2980240 108 vllm
2979726 2980241 162 vllm
2979726 2980242 154 vllm
2979726 2980243 160 vllm
2979726 2980244 156 vllm
2979726 2980245 164 vllm
2979726 2980246 145 vllm
2979726 2980247 151 vllm
2979726 2980248 163 vllm
2979726 2980249 157 vllm
2979726 2980250 166 vllm
2979726 2980251 150 vllm
2979726 2980252 166 vllm
2979726 2980253 108 vllm
2979726 2980254 145 vllm
2979726 2980255 151 vllm
2979726 2980256 149 vllm
2979726 2980257 111 vllm
2979726 2980258 109 vllm
2979726 2980259 150 vllm
2979726 2980260 155 vllm
2979726 2980261 110 vllm
2979726 2980262 146 vllm
2979726 2980263 112 vllm
2979726 2980264 152 vllm
2979726 2980265 165 vllm
2979726 2980266 158 vllm
2979726 2980284 147 ZMQbg/Reaper
2979726 2980285 148 ZMQbg/IO/0
2979726 2980286 111 ZMQbg/IO/1
2979726 2984795 149 vllm
2979726 2984796 158 vllm
2979726 2986031 154 vllm
