    PID     TID PSR COMMAND
3005343 3005343 122 vllm
3005343 3005460 151 PlogFlush
3005343 3005461 125 WatchdogMonitor
3005343 3005462 158 AtraceMonitor
3005343 3005688 122 iou-sqp-475641
3005343 3005720 121 vllm
3005343 3005721 122 vllm
3005343 3005722 123 vllm
3005343 3005723 126 vllm
3005343 3005724 127 vllm
3005343 3005725 128 vllm
3005343 3005726 129 vllm
3005343 3005727 130 vllm
3005343 3005728 131 vllm
3005343 3005729 132 vllm
3005343 3005730 133 vllm
3005343 3005731 134 vllm
3005343 3005732 135 vllm
3005343 3005733 136 vllm
3005343 3005734 137 vllm
3005343 3005735 138 vllm
3005343 3005736 139 vllm
3005343 3005737 140 vllm
3005343 3005738 141 vllm
3005343 3005739 142 vllm
3005343 3005740 143 vllm
3005343 3005741 124 vllm
3005343 3005742 125 vllm
3005343 3005743 135 vllm
3005343 3005744 128 vllm
3005343 3005745 136 vllm
3005343 3005746 137 vllm
3005343 3005747 138 vllm
3005343 3005748 134 vllm
3005343 3005749 127 vllm
3005343 3005750 141 vllm
3005343 3005751 120 vllm
3005343 3005752 122 vllm
3005343 3005753 123 vllm
3005343 3005754 126 vllm
3005343 3005755 129 vllm
3005343 3005756 130 vllm
3005343 3005757 131 vllm
3005343 3005758 132 vllm
3005343 3005759 133 vllm
3005343 3005760 139 vllm
3005343 3005761 143 vllm
3005343 3005762 124 vllm
3005343 3005763 141 vllm
3005343 3005764 142 vllm
3005343 3005765 125 vllm
3005343 3005766 120 vllm
3005343 3005767 127 vllm
3005343 3005768 122 vllm
3005343 3005769 123 vllm
3005343 3005770 126 vllm
3005343 3005771 129 vllm
3005343 3005772 130 vllm
3005343 3005773 131 vllm
3005343 3005774 135 vllm
3005343 3005775 132 vllm
3005343 3005776 133 vllm
3005343 3005777 141 vllm
3005343 3005778 139 vllm
3005343 3005779 143 vllm
3005343 3005780 124 vllm
3005343 3005781 128 vllm
3005343 3005782 134 vllm
3005343 3005783 125 vllm
3005343 3005784 120 vllm
3005343 3005785 137 vllm
3005343 3005786 140 vllm
3005343 3005787 142 vllm
3005343 3005788 136 vllm
3005343 3005789 138 vllm
3005343 3005790 139 vllm
3005343 3005791 128 vllm
3005343 3005792 137 vllm
3005343 3005793 135 vllm
3005343 3005794 136 vllm
3005343 3005795 134 vllm
3005343 3005796 140 vllm
3005343 3005797 131 vllm
3005343 3005798 133 vllm
3005343 3005799 139 vllm
3005343 3005800 130 vllm
3005343 3005801 124 vllm
3005343 3005802 122 vllm
3005343 3005803 125 vllm
3005343 3005804 127 vllm
3005343 3005805 126 vllm
3005343 3005806 120 vllm
3005343 3005807 140 vllm
3005343 3005808 130 vllm
3005343 3005809 142 vllm
3005343 3005810 141 vllm
3005343 3005811 138 vllm
3005343 3005812 143 vllm
3005343 3005813 125 vllm
3005343 3005814 132 vllm
3005343 3005815 133 vllm
3005343 3005816 135 vllm
3005343 3005817 134 vllm
3005343 3005818 136 vllm
3005343 3005819 131 vllm
3005343 3005820 123 vllm
3005343 3005821 127 vllm
3005343 3005822 128 vllm
3005343 3005823 124 vllm
3005343 3005824 130 vllm
3005343 3005825 125 vllm
3005343 3005826 148 vllm
3005343 3005827 133 vllm
3005343 3005828 137 vllm
3005343 3005829 126 vllm
3005343 3005830 120 vllm
3005343 3005831 129 vllm
3005343 3005832 140 vllm
3005343 3005833 130 vllm
3005343 3005834 128 vllm
3005343 3005835 142 vllm
3005343 3005836 141 vllm
3005343 3005837 128 vllm
3005343 3005838 138 vllm
3005343 3005839 143 vllm
3005343 3005840 137 vllm
3005343 3005841 131 vllm
3005343 3005842 133 vllm
3005343 3005843 132 vllm
3005343 3005844 135 vllm
3005343 3005845 134 vllm
3005343 3005846 143 vllm
3005343 3005847 136 vllm
3005343 3005848 122 vllm
3005343 3005849 124 vllm
3005343 3005850 123 vllm
3005343 3005851 127 vllm
3005343 3005852 127 vllm
3005343 3005853 124 vllm
3005343 3005854 138 vllm
3005343 3005855 128 vllm
3005343 3005856 137 vllm
3005343 3005857 142 vllm
3005343 3005858 133 vllm
3005343 3005859 139 vllm
3005343 3005860 137 vllm
3005343 3005861 120 vllm
3005343 3005862 135 vllm
3005343 3005863 122 vllm
3005343 3005864 140 vllm
3005343 3005865 130 vllm
3005343 3005866 134 vllm
3005343 3005867 141 vllm
3005343 3005868 132 vllm
3005343 3005869 132 vllm
3005343 3005870 142 vllm
3005343 3005871 127 vllm
3005343 3005872 139 vllm
3005343 3005873 126 vllm
3005343 3005874 143 vllm
3005343 3005875 120 vllm
3005343 3005876 137 vllm
3005343 3005877 133 vllm
3005343 3005878 132 vllm
3005343 3005879 127 vllm
3005343 3005880 123 vllm
3005343 3005881 125 vllm
3005343 3005882 134 vllm
3005343 3005883 135 vllm
3005343 3005884 126 vllm
3005343 3005885 132 vllm
3005343 3005886 136 vllm
3005343 3005887 132 vllm
3005343 3005888 122 vllm
3005343 3005889 120 vllm
3005343 3005890 122 vllm
3005343 3005891 131 vllm
3005343 3005892 124 vllm
3005343 3005893 132 vllm
3005343 3005894 126 vllm
3005343 3005895 133 vllm
3005343 3005896 127 vllm
3005343 3005897 142 vllm
3005343 3005898 143 vllm
3005343 3005899 136 vllm
3005343 3005900 128 vllm
3005343 3005901 137 vllm
3005343 3005902 129 vllm
3005343 3005903 129 vllm
3005343 3005904 139 vllm
3005343 3005905 125 vllm
3005343 3005906 138 vllm
3005343 3005907 143 vllm
3005343 3005908 135 vllm
3005343 3005909 140 vllm
3005343 3005910 129 vllm
3005343 3005911 142 vllm
3005343 3006110 126 ZMQbg/Reaper
3005343 3006111 127 ZMQbg/IO/0
3005343 3006112 129 ZMQbg/IO/1
3005343 3013144 142 vllm
3005343 3013145 143 vllm
3005343 3015537 131 vllm
