    PID     TID PSR COMMAND
3028402 3028402  62 vllm
3028402 3028424  56 PlogFlush
3028402 3028425  54 WatchdogMonitor
3028402 3028426  58 AtraceMonitor
3028402 3028741  49 iou-sqp-527318
3028402 3028765  49 vllm
3028402 3028766  51 vllm
3028402 3028767  53 vllm
3028402 3028768  55 vllm
3028402 3028769  56 vllm
3028402 3028770  57 vllm
3028402 3028771  58 vllm
3028402 3028772  59 vllm
3028402 3028773  60 vllm
3028402 3028774  61 vllm
3028402 3028775  62 vllm
3028402 3028776  65 vllm
3028402 3028777  66 vllm
3028402 3028778  67 vllm
3028402 3028779  68 vllm
3028402 3028780  52 vllm
3028402 3028781  54 vllm
3028402 3028782  71 vllm
3028402 3028783  64 vllm
3028402 3028784  69 vllm
3028402 3028785  70 vllm
3028402 3028786  63 vllm
3028402 3028787  50 vllm
3028402 3028788  66 vllm
3028402 3028789  67 vllm
3028402 3028790  56 vllm
3028402 3028791  57 vllm
3028402 3028792  49 vllm
3028402 3028793  51 vllm
3028402 3028794  58 vllm
3028402 3028795  59 vllm
3028402 3028796  60 vllm
3028402 3028797  65 vllm
3028402 3028798  68 vllm
3028402 3028799  52 vllm
3028402 3028800  53 vllm
3028402 3028801  54 vllm
3028402 3028802  55 vllm
3028402 3028803  61 vllm
3028402 3028804  62 vllm
3028402 3028805  71 vllm
3028402 3028806  63 vllm
3028402 3028807  64 vllm
3028402 3028808  69 vllm
3028402 3028809  70 vllm
3028402 3028810  50 vllm
3028402 3028811  53 vllm
3028402 3028812  55 vllm
3028402 3028813  51 vllm
3028402 3028814  61 vllm
3028402 3028815  62 vllm
3028402 3028816  58 vllm
3028402 3028817  59 vllm
3028402 3028818  60 vllm
3028402 3028819  70 vllm
3028402 3028820  48 vllm
3028402 3028821  56 vllm
3028402 3028822  57 vllm
3028402 3028823  65 vllm
3028402 3028824  66 vllm
3028402 3028825  48 vllm
3028402 3028826  67 vllm
3028402 3028827  68 vllm
3028402 3028828  52 vllm
3028402 3028829  54 vllm
3028402 3028830  71 vllm
3028402 3028831  63 vllm
3028402 3028832  69 vllm
3028402 3028833  64 vllm
3028402 3028834  50 vllm
3028402 3028835  48 vllm
3028402 3028836  59 vllm
3028402 3028837  60 vllm
3028402 3028838  64 vllm
3028402 3028839  69 vllm
3028402 3028840  51 vllm
3028402 3028841  58 vllm
3028402 3028842  50 vllm
3028402 3028843  52 vllm
3028402 3028844  54 vllm
3028402 3028845  67 vllm
3028402 3028846  71 vllm
3028402 3028847  66 vllm
3028402 3028848  63 vllm
3028402 3028849  68 vllm
3028402 3028850  56 vllm
3028402 3028851  57 vllm
3028402 3028852  65 vllm
3028402 3028853  62 vllm
3028402 3028854  55 vllm
3028402 3028855  61 vllm
3028402 3028856  53 vllm
3028402 3028857  70 vllm
3028402 3028858  48 vllm
3028402 3028859  55 vllm
3028402 3028860  62 vllm
3028402 3028861  53 vllm
3028402 3028862  61 vllm
3028402 3028863  70 vllm
3028402 3028864  51 vllm
3028402 3028865  58 vllm
3028402 3028866  59 vllm
3028402 3028867  60 vllm
3028402 3028868  56 vllm
3028402 3028869  57 vllm
3028402 3028870  65 vllm
3028402 3028871  66 vllm
3028402 3028872  67 vllm
3028402 3028873  52 vllm
3028402 3028874  68 vllm
3028402 3028875  71 vllm
3028402 3028876  54 vllm
3028402 3028877  64 vllm
3028402 3028878  69 vllm
3028402 3028879  63 vllm
3028402 3028880  50 vllm
3028402 3028881  48 vllm
3028402 3028882  54 vllm
3028402 3028883  69 vllm
3028402 3028884  64 vllm
3028402 3028885  63 vllm
3028402 3028886  50 vllm
3028402 3028887  48 vllm
3028402 3028888  68 vllm
3028402 3028889  71 vllm
3028402 3028890  52 vllm
3028402 3028891  67 vllm
3028402 3028892  66 vllm
3028402 3028893  51 vllm
3028402 3028894  57 vllm
3028402 3028895  65 vllm
3028402 3028896  56 vllm
3028402 3028897  65 vllm
3028402 3028898  59 vllm
3028402 3028899  51 vllm
3028402 3028900  98 vllm
3028402 3028901  56 vllm
3028402 3028902  55 vllm
3028402 3028903  53 vllm
3028402 3028904  62 vllm
3028402 3028905  58 vllm
3028402 3028906  61 vllm
3028402 3028907  60 vllm
3028402 3028908  70 vllm
3028402 3028909  59 vllm
3028402 3028910  57 vllm
3028402 3028911  66 vllm
3028402 3028912  67 vllm
3028402 3028913  52 vllm
3028402 3028914  55 vllm
3028402 3028915  53 vllm
3028402 3028916  58 vllm
3028402 3028917  70 vllm
3028402 3028918  61 vllm
3028402 3028919  62 vllm
3028402 3028920  69 vllm
3028402 3028921  49 vllm
3028402 3028922  66 vllm
3028402 3028923  54 vllm
3028402 3028924  52 vllm
3028402 3028925  67 vllm
3028402 3028926   1 vllm
3028402 3028927  69 vllm
3028402 3028928  63 vllm
3028402 3028929  23 vllm
3028402 3028930  60 vllm
3028402 3028931  64 vllm
3028402 3028932   2 vllm
3028402 3028933  50 vllm
3028402 3028934  57 vllm
3028402 3028935  50 vllm
3028402 3028936  49 vllm
3028402 3028937  49 vllm
3028402 3028938  68 vllm
3028402 3028939  71 vllm
3028402 3028940  51 vllm
3028402 3028941  65 vllm
3028402 3028942  56 vllm
3028402 3028943  59 vllm
3028402 3028944  54 vllm
3028402 3028945  63 vllm
3028402 3028946  64 vllm
3028402 3028947 120 vllm
3028402 3028948  60 vllm
3028402 3028949  49 vllm
3028402 3028950  68 vllm
3028402 3028951  57 vllm
3028402 3028952  48 vllm
3028402 3028953  58 vllm
3028402 3028954  56 vllm
3028402 3028955  55 vllm
3028402 3028956  54 vllm
3028402 3029002  63 ZMQbg/Reaper
3028402 3029003  65 ZMQbg/IO/0
3028402 3029004  66 ZMQbg/IO/1
3028402 3033262  52 vllm
3028402 3033263  54 vllm
3028402 3035186  63 vllm
