    PID     TID PSR COMMAND
2960868 2960868  34 vllm
2960868 2960919  31 PlogFlush
2960868 2960920   3 WatchdogMonitor
2960868 2960921  17 AtraceMonitor
2960868 2961339  25 iou-sqp-366949
2960868 2961400  36 vllm
2960868 2961401  38 vllm
2960868 2961402  39 vllm
2960868 2961403  40 vllm
2960868 2961404  41 vllm
2960868 2961405  42 vllm
2960868 2961406  43 vllm
2960868 2961407  45 vllm
2960868 2961408  46 vllm
2960868 2961409  47 vllm
2960868 2961410  24 vllm
2960868 2961411  25 vllm
2960868 2961412  26 vllm
2960868 2961413  27 vllm
2960868 2961414  28 vllm
2960868 2961415  29 vllm
2960868 2961416  31 vllm
2960868 2961417  32 vllm
2960868 2961418  36 vllm
2960868 2961419  37 vllm
2960868 2961420  44 vllm
2960868 2961421  31 vllm
2960868 2961422  33 vllm
2960868 2961423  43 vllm
2960868 2961424  36 vllm
2960868 2961425  38 vllm
2960868 2961426  39 vllm
2960868 2961427  40 vllm
2960868 2961428  33 vllm
2960868 2961429  41 vllm
2960868 2961430  35 vllm
2960868 2961431  36 vllm
2960868 2961432  46 vllm
2960868 2961433  31 vllm
2960868 2961434  30 vllm
2960868 2961435  37 vllm
2960868 2961436  31 vllm
2960868 2961437  44 vllm
2960868 2961438  42 vllm
2960868 2961439  29 vllm
2960868 2961440  33 vllm
2960868 2961441  27 vllm
2960868 2961442  47 vllm
2960868 2961443  35 vllm
2960868 2961444  24 vllm
2960868 2961445  34 vllm
2960868 2961446  45 vllm
2960868 2961447  32 vllm
2960868 2961448  26 vllm
2960868 2961449  30 vllm
2960868 2961450  35 vllm
2960868 2961451  35 vllm
2960868 2961452  41 vllm
2960868 2961453  46 vllm
2960868 2961454  34 vllm
2960868 2961455  30 vllm
2960868 2961456  39 vllm
2960868 2961457  45 vllm
2960868 2961458  37 vllm
2960868 2961459  26 vllm
2960868 2961460  42 vllm
2960868 2961461  25 vllm
2960868 2961462  38 vllm
2960868 2961463  25 vllm
2960868 2961464  28 vllm
2960868 2961465  47 vllm
2960868 2961466  27 vllm
2960868 2961467  32 vllm
2960868 2961468  44 vllm
2960868 2961469  24 vllm
2960868 2961470  29 vllm
2960868 2961471  34 vllm
2960868 2961472  25 vllm
2960868 2961473  40 vllm
2960868 2961474  38 vllm
2960868 2961475  39 vllm
2960868 2961476  45 vllm
2960868 2961477  43 vllm
2960868 2961478  41 vllm
2960868 2961479  34 vllm
2960868 2961480  46 vllm
2960868 2961481  30 vllm
2960868 2961482  26 vllm
2960868 2961483  28 vllm
2960868 2961484  37 vllm
2960868 2961485  40 vllm
2960868 2961486  29 vllm
2960868 2961487  34 vllm
2960868 2961488  44 vllm
2960868 2961489  47 vllm
2960868 2961490  34 vllm
2960868 2961491  27 vllm
2960868 2961492  25 vllm
2960868 2961493  32 vllm
2960868 2961494  30 vllm
2960868 2961495  38 vllm
2960868 2961496  47 vllm
2960868 2961497  43 vllm
2960868 2961498  27 vllm
2960868 2961499  44 vllm
2960868 2961500  28 vllm
2960868 2961501  29 vllm
2960868 2961502  45 vllm
2960868 2961503  39 vllm
2960868 2961504 165 vllm
2960868 2961505  40 vllm
2960868 2961506  32 vllm
2960868 2961507  34 vllm
2960868 2961508  42 vllm
2960868 2961509  26 vllm
2960868 2961510  37 vllm
2960868 2961511  30 vllm
2960868 2961512  42 vllm
2960868 2961513  28 vllm
2960868 2961514  46 vllm
2960868 2961515  37 vllm
2960868 2961516  37 vllm
2960868 2961517  33 vllm
2960868 2961518  25 vllm
2960868 2961519  28 vllm
2960868 2961520  26 vllm
2960868 2961521  47 vllm
2960868 2961522  42 vllm
2960868 2961523  44 vllm
2960868 2961524  39 vllm
2960868 2961525  43 vllm
2960868 2961526  45 vllm
2960868 2961527  43 vllm
2960868 2961528  30 vllm
2960868 2961529  43 vllm
2960868 2961530  32 vllm
2960868 2961531  41 vllm
2960868 2961532  29 vllm
2960868 2961533  38 vllm
2960868 2961534  41 vllm
2960868 2961535  25 vllm
2960868 2961536  27 vllm
2960868 2961537  28 vllm
2960868 2961538  40 vllm
2960868 2961539  39 vllm
2960868 2961540  45 vllm
2960868 2961541  38 vllm
2960868 2961542  24 vllm
2960868 2961543  28 vllm
2960868 2961544  41 vllm
2960868 2961545  40 vllm
2960868 2961546  46 vllm
2960868 2961547  29 vllm
2960868 2961548  26 vllm
2960868 2961549  33 vllm
2960868 2961550  30 vllm
2960868 2961551  35 vllm
2960868 2961552  42 vllm
2960868 2961553  47 vllm
2960868 2961554  46 vllm
2960868 2961555  44 vllm
2960868 2961556  43 vllm
2960868 2961557  32 vllm
2960868 2961558  27 vllm
2960868 2961559  30 vllm
2960868 2961560  33 vllm
2960868 2961561  41 vllm
2960868 2961562  25 vllm
2960868 2961563  42 vllm
2960868 2961564  29 vllm
2960868 2961565  28 vllm
2960868 2961566  26 vllm
2960868 2961567  24 vllm
2960868 2961568  45 vllm
2960868 2961569  45 vllm
2960868 2961570  29 vllm
2960868 2961571  47 vllm
2960868 2961572  24 vllm
2960868 2961573  27 vllm
2960868 2961574  38 vllm
2960868 2961575  32 vllm
2960868 2961576 163 vllm
2960868 2961577  41 vllm
2960868 2961578  35 vllm
2960868 2961579  40 vllm
2960868 2961580  24 vllm
2960868 2961581  40 vllm
2960868 2961582  30 vllm
2960868 2961583  46 vllm
2960868 2961584  32 vllm
2960868 2961585 163 vllm
2960868 2961586 164 vllm
2960868 2961587  43 vllm
2960868 2961588  29 vllm
2960868 2961589  27 vllm
2960868 2961590  25 vllm
2960868 2961591  24 vllm
2960868 2961857  37 ZMQbg/Reaper
2960868 2961858  38 ZMQbg/IO/0
2960868 2961859  39 ZMQbg/IO/1
2960868 2969014  39 vllm
2960868 2969015  37 vllm
2960868 2972070  35 vllm
