    PID     TID PSR COMMAND
1423349 1423349 174 vllm
1423349 1423423 188 PlogFlush
1423349 1423424 182 WatchdogMonitor
1423349 1423425 190 AtraceMonitor
1423349 1423907  50 iou-sqp-1090201
1423349 1423968 169 vllm
1423349 1423969 175 vllm
1423349 1423970 176 vllm
1423349 1423971 182 vllm
1423349 1423972 185 vllm
1423349 1423973 189 vllm
1423349 1423974 173 vllm
1423349 1423975 187 vllm
1423349 1423976 188 vllm
1423349 1423977 174 vllm
1423349 1423978 170 vllm
1423349 1423979 177 vllm
1423349 1423980 178 vllm
1423349 1423981 191 vllm
1423349 1423982 181 vllm
1423349 1423983 172 vllm
1423349 1423984 186 vllm
1423349 1423985 179 vllm
1423349 1423986 183 vllm
1423349 1423987 180 vllm
1423349 1423988 184 vllm
1423349 1423989 190 vllm
1423349 1423990 171 vllm
1423349 1423991 176 vllm
1423349 1423992 170 vllm
1423349 1423993 174 vllm
1423349 1423994 181 vllm
1423349 1423995 177 vllm
1423349 1423996 182 vllm
1423349 1423997 185 vllm
1423349 1423998 187 vllm
1423349 1423999 189 vllm
1423349 1424000 191 vllm
1423349 1424001 173 vllm
1423349 1424002 175 vllm
1423349 1424003 178 vllm
1423349 1424004 188 vllm
1423349 1424005 169 vllm
1423349 1424006 183 vllm
1423349 1424007 179 vllm
1423349 1424008 186 vllm
1423349 1424009 188 vllm
1423349 1424010 172 vllm
1423349 1424011 184 vllm
1423349 1424012 190 vllm
1423349 1424013 171 vllm
1423349 1424014 169 vllm
1423349 1424015 185 vllm
1423349 1424016 189 vllm
1423349 1424017 173 vllm
1423349 1424018 175 vllm
1423349 1424019 176 vllm
1423349 1424020 178 vllm
1423349 1424021 182 vllm
1423349 1424022 182 vllm
1423349 1424023 174 vllm
1423349 1424024 183 vllm
1423349 1424025 179 vllm
1423349 1424026 187 vllm
1423349 1424027 177 vllm
1423349 1424028 191 vllm
1423349 1424029 169 vllm
1423349 1424030 184 vllm
1423349 1424031 186 vllm
1423349 1424032 172 vllm
1423349 1424033 180 vllm
1423349 1424034 181 vllm
1423349 1424035 171 vllm
1423349 1424036 190 vllm
1423349 1424037 180 vllm
1423349 1424038 185 vllm
1423349 1424039 173 vllm
1423349 1424040 175 vllm
1423349 1424041 176 vllm
1423349 1424042 189 vllm
1423349 1424043 169 vllm
1423349 1424044 178 vllm
1423349 1424045 174 vllm
1423349 1424046 183 vllm
1423349 1424047 179 vllm
1423349 1424048 187 vllm
1423349 1424049 177 vllm
1423349 1424050 181 vllm
1423349 1424051 181 vllm
1423349 1424052 191 vllm
1423349 1424053 186 vllm
1423349 1424054 184 vllm
1423349 1424055 180 vllm
1423349 1424056 172 vllm
1423349 1424057 180 vllm
1423349 1424058 168 vllm
1423349 1424059 190 vllm
1423349 1424060 186 vllm
1423349 1424061 185 vllm
1423349 1424062 173 vllm
1423349 1424063 175 vllm
1423349 1424064 176 vllm
1423349 1424065 177 vllm
1423349 1424066 187 vllm
1423349 1424067 189 vllm
1423349 1424068 174 vllm
1423349 1424069 178 vllm
1423349 1424070 183 vllm
1423349 1424071 179 vllm
1423349 1424072 172 vllm
1423349 1424073 184 vllm
1423349 1424074 188 vllm
1423349 1424075 191 vllm
1423349 1424076 171 vllm
1423349 1424077 186 vllm
1423349 1424078 168 vllm
1423349 1424079 180 vllm
1423349 1424080 171 vllm
1423349 1424081 185 vllm
1423349 1424082 173 vllm
1423349 1424083 175 vllm
1423349 1424084 176 vllm
1423349 1424085 168 vllm
1423349 1424086 183 vllm
1423349 1424087 189 vllm
1423349 1424088 188 vllm
1423349 1424089 174 vllm
1423349 1424090 190 vllm
1423349 1424091 179 vllm
1423349 1424092 171 vllm
1423349 1424093 187 vllm
1423349 1424094 172 vllm
1423349 1424095 168 vllm
1423349 1424096 170 vllm
1423349 1424097 191 vllm
1423349 1424098 184 vllm
1423349 1424099 180 vllm
1423349 1424100 179 vllm
1423349 1424101 189 vllm
1423349 1424102 176 vllm
1423349 1424103 175 vllm
1423349 1424104 182 vllm
1423349 1424105 178 vllm
1423349 1424106 168 vllm
1423349 1424107 186 vllm
1423349 1424108 173 vllm
1423349 1424109 177 vllm
1423349 1424110 180 vllm
1423349 1424111 171 vllm
1423349 1424112 183 vllm
1423349 1424113 170 vllm
1423349 1424114 184 vllm
1423349 1424115  70 vllm
1423349 1424116 188 vllm
1423349 1424117 171 vllm
1423349 1424118 172 vllm
1423349 1424119 172 vllm
1423349 1424120 187 vllm
1423349 1424121 190 vllm
1423349 1424122 187 vllm
1423349 1424123 168 vllm
1423349 1424124 182 vllm
1423349 1424125 171 vllm
1423349 1424126 186 vllm
1423349 1424127 175 vllm
1423349 1424128 177 vllm
1423349 1424129 189 vllm
1423349 1424130 178 vllm
1423349 1424131 168 vllm
1423349 1424132 179 vllm
1423349 1424133 176 vllm
1423349 1424134 184 vllm
1423349 1424135 174 vllm
1423349 1424136 188 vllm
1423349 1424137 177 vllm
1423349 1424138 168 vllm
1423349 1424139 180 vllm
1423349 1424140 190 vllm
1423349 1424141 174 vllm
1423349 1424142 190 vllm
1423349 1424143 183 vllm
1423349 1424144 168 vllm
1423349 1424145  53 vllm
1423349 1424146 191 vllm
1423349 1424147 185 vllm
1423349 1424148 178 vllm
1423349 1424149 175 vllm
1423349 1424150 181 vllm
1423349 1424151 168 vllm
1423349 1424152 189 vllm
1423349 1424153 191 vllm
1423349 1424154 189 vllm
1423349 1424155 177 vllm
1423349 1424156 168 vllm
1423349 1424157 178 vllm
1423349 1424158 173 vllm
1423349 1424159 184 vllm
1423349 1424498 172 ZMQbg/Reaper
1423349 1424499 175 ZMQbg/IO/0
1423349 1424500 178 ZMQbg/IO/1
1423349 1428424 182 vllm
1423349 1428425 145 vllm
1423349 1430084 176 vllm
