    PID     TID PSR COMMAND
3012526 3012526  53 vllm
3012526 3012540  59 PlogFlush
3012526 3012541  53 WatchdogMonitor
3012526 3012542  54 AtraceMonitor
3012526 3012608  50 iou-sqp-490534
3012526 3012622  50 vllm
3012526 3012623  51 vllm
3012526 3012624  54 vllm
3012526 3012625  55 vllm
3012526 3012626  58 vllm
3012526 3012627  59 vllm
3012526 3012628  60 vllm
3012526 3012629  61 vllm
3012526 3012630  62 vllm
3012526 3012631  63 vllm
3012526 3012632  66 vllm
3012526 3012633  69 vllm
3012526 3012634  70 vllm
3012526 3012635  67 vllm
3012526 3012636  71 vllm
3012526 3012637  53 vllm
3012526 3012638  57 vllm
3012526 3012639  49 vllm
3012526 3012640  64 vllm
3012526 3012641  56 vllm
3012526 3012642  65 vllm
3012526 3012643  52 vllm
3012526 3012644  68 vllm
3012526 3012645  50 vllm
3012526 3012646  51 vllm
3012526 3012647  54 vllm
3012526 3012648  60 vllm
3012526 3012649  61 vllm
3012526 3012650  62 vllm
3012526 3012651  63 vllm
3012526 3012652  66 vllm
3012526 3012653  69 vllm
3012526 3012654  70 vllm
3012526 3012655  57 vllm
3012526 3012656  59 vllm
3012526 3012657  67 vllm
3012526 3012658  55 vllm
3012526 3012659  58 vllm
3012526 3012660  53 vllm
3012526 3012661  71 vllm
3012526 3012662  49 vllm
3012526 3012663  64 vllm
3012526 3012664  56 vllm
3012526 3012665  65 vllm
3012526 3012666  52 vllm
3012526 3012667  68 vllm
3012526 3012668  50 vllm
3012526 3012669  51 vllm
3012526 3012670  54 vllm
3012526 3012671  55 vllm
3012526 3012672  59 vllm
3012526 3012673  60 vllm
3012526 3012674  61 vllm
3012526 3012675  62 vllm
3012526 3012676  58 vllm
3012526 3012677  63 vllm
3012526 3012678  69 vllm
3012526 3012679  70 vllm
3012526 3012680  71 vllm
3012526 3012681  57 vllm
3012526 3012682  53 vllm
3012526 3012683  67 vllm
3012526 3012684  66 vllm
3012526 3012685  49 vllm
3012526 3012686  64 vllm
3012526 3012687  56 vllm
3012526 3012688  65 vllm
3012526 3012689  52 vllm
3012526 3012690  66 vllm
3012526 3012691  67 vllm
3012526 3012692  53 vllm
3012526 3012693  58 vllm
3012526 3012694  57 vllm
3012526 3012695  63 vllm
3012526 3012696  69 vllm
3012526 3012697  70 vllm
3012526 3012698  71 vllm
3012526 3012699  49 vllm
3012526 3012700  64 vllm
3012526 3012701  50 vllm
3012526 3012702  56 vllm
3012526 3012703  51 vllm
3012526 3012704  54 vllm
3012526 3012705  55 vllm
3012526 3012706  59 vllm
3012526 3012707  60 vllm
3012526 3012708  61 vllm
3012526 3012709  62 vllm
3012526 3012710  65 vllm
3012526 3012711  55 vllm
3012526 3012712  68 vllm
3012526 3012713  52 vllm
3012526 3012714  51 vllm
3012526 3012715  54 vllm
3012526 3012716  50 vllm
3012526 3012717  60 vllm
3012526 3012718  61 vllm
3012526 3012719  62 vllm
3012526 3012720  58 vllm
3012526 3012721  59 vllm
3012526 3012722  63 vllm
3012526 3012723  69 vllm
3012526 3012724  57 vllm
3012526 3012725  53 vllm
3012526 3012726  70 vllm
3012526 3012727  71 vllm
3012526 3012728  65 vllm
3012526 3012729  67 vllm
3012526 3012730  66 vllm
3012526 3012731  70 vllm
3012526 3012732  56 vllm
3012526 3012733  71 vllm
3012526 3012734  57 vllm
3012526 3012735  67 vllm
3012526 3012736  66 vllm
3012526 3012737  53 vllm
3012526 3012738  56 vllm
3012526 3012739  69 vllm
3012526 3012740  50 vllm
3012526 3012741  59 vllm
3012526 3012742  63 vllm
3012526 3012743  49 vllm
3012526 3012744  64 vllm
3012526 3012745  58 vllm
3012526 3012746  50 vllm
3012526 3012747  51 vllm
3012526 3012748  54 vllm
3012526 3012749  49 vllm
3012526 3012750  64 vllm
3012526 3012751  61 vllm
3012526 3012752  58 vllm
3012526 3012753  60 vllm
3012526 3012754  54 vllm
3012526 3012755  51 vllm
3012526 3012756  63 vllm
3012526 3012757  61 vllm
3012526 3012758  59 vllm
3012526 3012759  55 vllm
3012526 3012760  62 vllm
3012526 3012761  52 vllm
3012526 3012762  65 vllm
3012526 3012763  60 vllm
3012526 3012764  70 vllm
3012526 3012765  69 vllm
3012526 3012766  53 vllm
3012526 3012767  71 vllm
3012526 3012768  57 vllm
3012526 3012769  55 vllm
3012526 3012770  68 vllm
3012526 3012771  62 vllm
3012526 3012772  56 vllm
3012526 3012773  69 vllm
3012526 3012774  53 vllm
3012526 3012775  57 vllm
3012526 3012776  71 vllm
3012526 3012777  59 vllm
3012526 3012778  59 vllm
3012526 3012779  65 vllm
3012526 3012780  66 vllm
3012526 3012781  70 vllm
3012526 3012782  56 vllm
3012526 3012783  70 vllm
3012526 3012784  60 vllm
3012526 3012785  67 vllm
3012526 3012786  66 vllm
3012526 3012787  65 vllm
3012526 3012788  49 vllm
3012526 3012789  63 vllm
3012526 3012790 129 vllm
3012526 3012791  63 vllm
3012526 3012792  48 vllm
3012526 3012793  60 vllm
3012526 3012794  67 vllm
3012526 3012795  49 vllm
3012526 3012796  50 vllm
3012526 3012797  54 vllm
3012526 3012798  51 vllm
3012526 3012799  58 vllm
3012526 3012800  61 vllm
3012526 3012801  52 vllm
3012526 3012802  67 vllm
3012526 3012803  62 vllm
3012526 3012804  55 vllm
3012526 3012805  50 vllm
3012526 3012806 130 vllm
3012526 3012807  54 vllm
3012526 3012808  55 vllm
3012526 3012809  51 vllm
3012526 3012810  61 vllm
3012526 3012811  69 vllm
3012526 3012812  53 vllm
3012526 3012813  58 vllm
3012526 3013084  49 ZMQbg/Reaper
3012526 3013085  60 ZMQbg/IO/0
3012526 3013086  60 ZMQbg/IO/1
3012526 3018127  54 vllm
3012526 3018128  62 vllm
3012526 3020280  69 vllm
