    PID     TID PSR COMMAND
2981436 2981436  19 vllm
2981436 2981455 157 PlogFlush
2981436 2981456   3 WatchdogMonitor
2981436 2981457 159 AtraceMonitor
2981436 2981680  14 iou-sqp-410836
2981436 2981707   1 vllm
2981436 2981708   2 vllm
2981436 2981709   3 vllm
2981436 2981710   4 vllm
2981436 2981711   5 vllm
2981436 2981712  14 vllm
2981436 2981713  15 vllm
2981436 2981714  16 vllm
2981436 2981715  17 vllm
2981436 2981716  18 vllm
2981436 2981717  20 vllm
2981436 2981718  21 vllm
2981436 2981719  22 vllm
2981436 2981720  23 vllm
2981436 2981721   9 vllm
2981436 2981722  11 vllm
2981436 2981723  12 vllm
2981436 2981724  13 vllm
2981436 2981725   8 vllm
2981436 2981726  10 vllm
2981436 2981727  19 vllm
2981436 2981728   7 vllm
2981436 2981729   6 vllm
2981436 2981730   1 vllm
2981436 2981731   2 vllm
2981436 2981732  14 vllm
2981436 2981733  15 vllm
2981436 2981734  16 vllm
2981436 2981735  18 vllm
2981436 2981736  20 vllm
2981436 2981737  21 vllm
2981436 2981738   5 vllm
2981436 2981739  10 vllm
2981436 2981740  11 vllm
2981436 2981741  12 vllm
2981436 2981742  14 vllm
2981436 2981743  19 vllm
2981436 2981744  23 vllm
2981436 2981745   8 vllm
2981436 2981746   9 vllm
2981436 2981747  17 vllm
2981436 2981748   3 vllm
2981436 2981749   4 vllm
2981436 2981750  22 vllm
2981436 2981751   7 vllm
2981436 2981752   6 vllm
2981436 2981753   2 vllm
2981436 2981754   1 vllm
2981436 2981755  15 vllm
2981436 2981756  17 vllm
2981436 2981757   5 vllm
2981436 2981758  18 vllm
2981436 2981759  20 vllm
2981436 2981760  21 vllm
2981436 2981761   9 vllm
2981436 2981762  16 vllm
2981436 2981763   3 vllm
2981436 2981764   4 vllm
2981436 2981765  23 vllm
2981436 2981766  11 vllm
2981436 2981767  22 vllm
2981436 2981768  12 vllm
2981436 2981769   8 vllm
2981436 2981770  10 vllm
2981436 2981771  19 vllm
2981436 2981772   7 vllm
2981436 2981773   6 vllm
2981436 2981774  16 vllm
2981436 2981775  12 vllm
2981436 2981776  10 vllm
2981436 2981777  19 vllm
2981436 2981778   5 vllm
2981436 2981779  11 vllm
2981436 2981780   8 vllm
2981436 2981781  21 vllm
2981436 2981782  23 vllm
2981436 2981783  20 vllm
2981436 2981784  18 vllm
2981436 2981785   2 vllm
2981436 2981786   4 vllm
2981436 2981787   9 vllm
2981436 2981788   3 vllm
2981436 2981789   7 vllm
2981436 2981790   6 vllm
2981436 2981791  22 vllm
2981436 2981792  15 vllm
2981436 2981793  17 vllm
2981436 2981794  17 vllm
2981436 2981795  18 vllm
2981436 2981796  20 vllm
2981436 2981797   5 vllm
2981436 2981798  15 vllm
2981436 2981799  22 vllm
2981436 2981800  13 vllm
2981436 2981801  13 vllm
2981436 2981802  21 vllm
2981436 2981803  23 vllm
2981436 2981804   2 vllm
2981436 2981805  11 vllm
2981436 2981806   9 vllm
2981436 2981807  10 vllm
2981436 2981808  16 vllm
2981436 2981809  16 vllm
2981436 2981810   3 vllm
2981436 2981811  21 vllm
2981436 2981812   4 vllm
2981436 2981813  10 vllm
2981436 2981814  11 vllm
2981436 2981815  19 vllm
2981436 2981816  96 vllm
2981436 2981817   3 vllm
2981436 2981818   8 vllm
2981436 2981819   4 vllm
2981436 2981820   1 vllm
2981436 2981821   7 vllm
2981436 2981822  14 vllm
2981436 2981823  19 vllm
2981436 2981824   0 vllm
2981436 2981825  14 vllm
2981436 2981826  12 vllm
2981436 2981827   8 vllm
2981436 2981828  22 vllm
2981436 2981829   0 vllm
2981436 2981830   2 vllm
2981436 2981831  12 vllm
2981436 2981832  22 vllm
2981436 2981833   8 vllm
2981436 2981834   2 vllm
2981436 2981835   0 vllm
2981436 2981836   7 vllm
2981436 2981837  23 vllm
2981436 2981838   5 vllm
2981436 2981839  23 vllm
2981436 2981840   0 vllm
2981436 2981841   6 vllm
2981436 2981842  20 vllm
2981436 2981843  18 vllm
2981436 2981844  15 vllm
2981436 2981845  17 vllm
2981436 2981846   9 vllm
2981436 2981847   5 vllm
2981436 2981848  16 vllm
2981436 2981849  13 vllm
2981436 2981850  21 vllm
2981436 2981851  11 vllm
2981436 2981852  10 vllm
2981436 2981853   3 vllm
2981436 2981854   4 vllm
2981436 2981855  20 vllm
2981436 2981856   6 vllm
2981436 2981857  17 vllm
2981436 2981858  19 vllm
2981436 2981859   9 vllm
2981436 2981860   1 vllm
2981436 2981861  21 vllm
2981436 2981862  11 vllm
2981436 2981863  15 vllm
2981436 2981864  16 vllm
2981436 2981865   4 vllm
2981436 2981866  10 vllm
2981436 2981867   3 vllm
2981436 2981868  18 vllm
2981436 2981869   0 vllm
2981436 2981870  18 vllm
2981436 2981871  12 vllm
2981436 2981872  22 vllm
2981436 2981873   8 vllm
2981436 2981874  23 vllm
2981436 2981875   5 vllm
2981436 2981876  19 vllm
2981436 2981877   7 vllm
2981436 2981878   6 vllm
2981436 2981879   0 vllm
2981436 2981880 148 vllm
2981436 2981881  15 vllm
2981436 2981882  13 vllm
2981436 2981883   4 vllm
2981436 2981884   7 vllm
2981436 2981885   7 vllm
2981436 2981886   9 vllm
2981436 2981887   9 vllm
2981436 2981888  10 vllm
2981436 2981889  16 vllm
2981436 2981890   8 vllm
2981436 2981891  23 vllm
2981436 2981892  12 vllm
2981436 2981893   5 vllm
2981436 2981894  19 vllm
2981436 2981895  21 vllm
2981436 2981896   3 vllm
2981436 2981897  21 vllm
2981436 2981898   0 vllm
2981436 2981951  14 ZMQbg/Reaper
2981436 2981952  97 ZMQbg/IO/0
2981436 2981953   3 ZMQbg/IO/1
2981436 2985350   6 vllm
2981436 2985351   7 vllm
2981436 2986817  21 vllm
