    PID     TID PSR COMMAND
2948960 2948960  97 vllm
2948960 2949057 187 PlogFlush
2948960 2949058 153 WatchdogMonitor
2948960 2949059 168 AtraceMonitor
2948960 2949416 171 iou-sqp-342213
2948960 2949837 169 vllm
2948960 2949838 172 vllm
2948960 2949839 173 vllm
2948960 2949840 175 vllm
2948960 2949841 178 vllm
2948960 2949842 181 vllm
2948960 2949843 182 vllm
2948960 2949844 183 vllm
2948960 2949845 185 vllm
2948960 2949846 187 vllm
2948960 2949847 189 vllm
2948960 2949848 190 vllm
2948960 2949849 170 vllm
2948960 2949850 171 vllm
2948960 2949851 175 vllm
2948960 2949852 179 vllm
2948960 2949853 184 vllm
2948960 2949854 169 vllm
2948960 2949855 176 vllm
2948960 2949856 180 vllm
2948960 2949857 177 vllm
2948960 2949858 186 vllm
2948960 2949859 190 vllm
2948960 2949860 191 vllm
2948960 2949861 174 vllm
2948960 2949862 174 vllm
2948960 2949863 182 vllm
2948960 2949864 191 vllm
2948960 2949865 170 vllm
2948960 2949866 190 vllm
2948960 2949867 187 vllm
2948960 2949868 172 vllm
2948960 2949869 178 vllm
2948960 2949870 180 vllm
2948960 2949871 189 vllm
2948960 2949872 173 vllm
2948960 2949873 181 vllm
2948960 2949874 182 vllm
2948960 2949875 183 vllm
2948960 2949876 185 vllm
2948960 2949877 171 vllm
2948960 2949878 184 vllm
2948960 2949879 176 vllm
2948960 2949880 177 vllm
2948960 2949881 186 vllm
2948960 2949882 191 vllm
2948960 2949883 174 vllm
2948960 2949884 187 vllm
2948960 2949885 172 vllm
2948960 2949886 178 vllm
2948960 2949887 179 vllm
2948960 2949888 180 vllm
2948960 2949889 189 vllm
2948960 2949890 170 vllm
2948960 2949891 181 vllm
2948960 2949892 179 vllm
2948960 2949893 173 vllm
2948960 2949894 183 vllm
2948960 2949895 185 vllm
2948960 2949896 171 vllm
2948960 2949897 179 vllm
2948960 2949898 184 vllm
2948960 2949899 176 vllm
2948960 2949900 177 vllm
2948960 2949901 186 vllm
2948960 2949902 191 vllm
2948960 2949903 173 vllm
2948960 2949904 174 vllm
2948960 2949905 187 vllm
2948960 2949906 183 vllm
2948960 2949907 172 vllm
2948960 2949908 178 vllm
2948960 2949909 185 vllm
2948960 2949910 171 vllm
2948960 2949911 176 vllm
2948960 2949912 189 vllm
2948960 2949913 170 vllm
2948960 2949914 181 vllm
2948960 2949915 180 vllm
2948960 2949916 184 vllm
2948960 2949917 177 vllm
2948960 2949918 186 vllm
2948960 2949919 174 vllm
2948960 2949920 191 vllm
2948960 2949921 183 vllm
2948960 2949922 171 vllm
2948960 2949923 168 vllm
2948960 2949924 185 vllm
2948960 2949925 184 vllm
2948960 2949926 176 vllm
2948960 2949927 169 vllm
2948960 2949928 186 vllm
2948960 2949929 177 vllm
2948960 2949930 173 vllm
2948960 2949931 170 vllm
2948960 2949932 181 vllm
2948960 2949933 175 vllm
2948960 2949934 187 vllm
2948960 2949935 189 vllm
2948960 2949936 189 vllm
2948960 2949937 178 vllm
2948960 2949938 180 vllm
2948960 2949939 190 vllm
2948960 2949940 169 vllm
2948960 2949941 182 vllm
2948960 2949942 191 vllm
2948960 2949943 171 vllm
2948960 2949944 181 vllm
2948960 2949945 170 vllm
2948960 2949946 174 vllm
2948960 2949947 179 vllm
2948960 2949948 184 vllm
2948960 2949949 183 vllm
2948960 2949950 186 vllm
2948960 2949951 177 vllm
2948960 2949952 176 vllm
2948960 2949953 179 vllm
2948960 2949954 168 vllm
2948960 2949955 185 vllm
2948960 2949956 169 vllm
2948960 2949957 175 vllm
2948960 2949958 191 vllm
2948960 2949959 179 vllm
2948960 2949960 191 vllm
2948960 2949961 180 vllm
2948960 2949962 168 vllm
2948960 2949963 180 vllm
2948960 2949964 172 vllm
2948960 2949965 173 vllm
2948960 2949966 172 vllm
2948960 2949967 100 vllm
2948960 2949968 178 vllm
2948960 2949969 190 vllm
2948960 2949970 187 vllm
2948960 2949971 187 vllm
2948960 2949972 174 vllm
2948960 2949973 172 vllm
2948960 2949974 178 vllm
2948960 2949975 171 vllm
2948960 2949976 168 vllm
2948960 2949977 184 vllm
2948960 2949978 190 vllm
2948960 2949979 185 vllm
2948960 2949980 182 vllm
2948960 2949981 182 vllm
2948960 2949982 179 vllm
2948960 2949983 169 vllm
2948960 2949984 177 vllm
2948960 2949985 174 vllm
2948960 2949986 173 vllm
2948960 2949987 181 vllm
2948960 2949988 175 vllm
2948960 2949989 168 vllm
2948960 2949990 178 vllm
2948960 2949991 176 vllm
2948960 2949992 182 vllm
2948960 2949993 173 vllm
2948960 2949994 185 vllm
2948960 2949995 175 vllm
2948960 2949996 181 vllm
2948960 2949997 179 vllm
2948960 2949998 169 vllm
2948960 2949999 180 vllm
2948960 2950000 170 vllm
2948960 2950001 172 vllm
2948960 2950002 170 vllm
2948960 2950003 174 vllm
2948960 2950004 189 vllm
2948960 2950005 189 vllm
2948960 2950006 177 vllm
2948960 2950007 183 vllm
2948960 2950008 184 vllm
2948960 2950009 189 vllm
2948960 2950010  13 vllm
2948960 2950011 183 vllm
2948960 2950012 190 vllm
2948960 2950013 171 vllm
2948960 2950014 187 vllm
2948960 2950015 186 vllm
2948960 2950016 176 vllm
2948960 2950017 186 vllm
2948960 2950018 191 vllm
2948960 2950019  13 vllm
2948960 2950020 183 vllm
2948960 2950021 181 vllm
2948960 2950022 179 vllm
2948960 2950023 169 vllm
2948960 2950024 175 vllm
2948960 2950025 185 vllm
2948960 2950026 191 vllm
2948960 2950027 173 vllm
2948960 2950028 172 vllm
2948960 2950461 187 ZMQbg/Reaper
2948960 2950462 188 ZMQbg/IO/0
2948960 2950463 150 ZMQbg/IO/1
2948960 2956599 148 vllm
2948960 2956600 100 vllm
2948960 2958543  98 vllm
