    PID     TID PSR COMMAND
2959176 2959176  76 vllm
2959176 2959213  56 PlogFlush
2959176 2959214  77 WatchdogMonitor
2959176 2959215  58 AtraceMonitor
2959176 2959559  49 iou-sqp-363900
2959176 2959859  50 vllm
2959176 2959860  53 vllm
2959176 2959861  54 vllm
2959176 2959862  55 vllm
2959176 2959863  56 vllm
2959176 2959864  58 vllm
2959176 2959865  60 vllm
2959176 2959866  61 vllm
2959176 2959867  63 vllm
2959176 2959868  66 vllm
2959176 2959869  68 vllm
2959176 2959870  69 vllm
2959176 2959871  70 vllm
2959176 2959872  71 vllm
2959176 2959873  51 vllm
2959176 2959874  52 vllm
2959176 2959875  57 vllm
2959176 2959876  64 vllm
2959176 2959877  67 vllm
2959176 2959878  59 vllm
2959176 2959879  62 vllm
2959176 2959880  65 vllm
2959176 2959881  50 vllm
2959176 2959882  71 vllm
2959176 2959883  51 vllm
2959176 2959884  53 vllm
2959176 2959885  61 vllm
2959176 2959886  63 vllm
2959176 2959887  66 vllm
2959176 2959888  68 vllm
2959176 2959889  50 vllm
2959176 2959890  52 vllm
2959176 2959891  56 vllm
2959176 2959892  57 vllm
2959176 2959893  55 vllm
2959176 2959894  58 vllm
2959176 2959895  59 vllm
2959176 2959896  61 vllm
2959176 2959897  62 vllm
2959176 2959898  60 vllm
2959176 2959899  69 vllm
2959176 2959900  54 vllm
2959176 2959901  67 vllm
2959176 2959902  65 vllm
2959176 2959903  55 vllm
2959176 2959904  48 vllm
2959176 2959905  70 vllm
2959176 2959906  64 vllm
2959176 2959907  53 vllm
2959176 2959908  48 vllm
2959176 2959909  54 vllm
2959176 2959910  63 vllm
2959176 2959911  66 vllm
2959176 2959912  48 vllm
2959176 2959913  56 vllm
2959176 2959914  71 vllm
2959176 2959915  57 vllm
2959176 2959916  69 vllm
2959176 2959917  51 vllm
2959176 2959918  60 vllm
2959176 2959919  52 vllm
2959176 2959920  67 vllm
2959176 2959921  68 vllm
2959176 2959922  65 vllm
2959176 2959923  59 vllm
2959176 2959924  70 vllm
2959176 2959925  62 vllm
2959176 2959926  64 vllm
2959176 2959927  48 vllm
2959176 2959928  68 vllm
2959176 2959929  52 vllm
2959176 2959930  62 vllm
2959176 2959931  51 vllm
2959176 2959932  60 vllm
2959176 2959933  56 vllm
2959176 2959934  69 vllm
2959176 2959935  67 vllm
2959176 2959936  59 vllm
2959176 2959937  58 vllm
2959176 2959938  65 vllm
2959176 2959939  53 vllm
2959176 2959940  55 vllm
2959176 2959941  63 vllm
2959176 2959942  66 vllm
2959176 2959943  54 vllm
2959176 2959944  57 vllm
2959176 2959945  71 vllm
2959176 2959946  70 vllm
2959176 2959947  64 vllm
2959176 2959948  48 vllm
2959176 2959949  60 vllm
2959176 2959950  58 vllm
2959176 2959951  61 vllm
2959176 2959952  54 vllm
2959176 2959953  66 vllm
2959176 2959954  68 vllm
2959176 2959955  53 vllm
2959176 2959956  56 vllm
2959176 2959957  57 vllm
2959176 2959958  69 vllm
2959176 2959959  63 vllm
2959176 2959960  71 vllm
2959176 2959961  55 vllm
2959176 2959962  51 vllm
2959176 2959963  65 vllm
2959176 2959964  67 vllm
2959176 2959965  48 vllm
2959176 2959966  70 vllm
2959176 2959967  51 vllm
2959176 2959968  69 vllm
2959176 2959969  67 vllm
2959176 2959970  59 vllm
2959176 2959971  59 vllm
2959176 2959972  56 vllm
2959176 2959973  65 vllm
2959176 2959974  55 vllm
2959176 2959975  52 vllm
2959176 2959976  62 vllm
2959176 2959977  64 vllm
2959176 2959978  68 vllm
2959176 2959979  61 vllm
2959176 2959980  53 vllm
2959176 2959981  60 vllm
2959176 2959982  63 vllm
2959176 2959983  66 vllm
2959176 2959984  54 vllm
2959176 2959985  57 vllm
2959176 2959986  71 vllm
2959176 2959987  52 vllm
2959176 2959988  62 vllm
2959176 2959989  70 vllm
2959176 2959990  58 vllm
2959176 2959991  54 vllm
2959176 2959992  48 vllm
2959176 2959993  66 vllm
2959176 2959994  57 vllm
2959176 2959995  70 vllm
2959176 2959996  61 vllm
2959176 2959997  48 vllm
2959176 2959998  63 vllm
2959176 2959999  53 vllm
2959176 2960000  71 vllm
2959176 2960001  50 vllm
2959176 2960002  56 vllm
2959176 2960003  61 vllm
2959176 2960004  60 vllm
2959176 2960005  50 vllm
2959176 2960006  53 vllm
2959176 2960007  68 vllm
2959176 2960008  51 vllm
2959176 2960009  67 vllm
2959176 2960010  69 vllm
2959176 2960011  55 vllm
2959176 2960012  65 vllm
2959176 2960013  64 vllm
2959176 2960014  59 vllm
2959176 2960015  56 vllm
2959176 2960016  68 vllm
2959176 2960017  52 vllm
2959176 2960018  62 vllm
2959176 2960019  63 vllm
2959176 2960020  69 vllm
2959176 2960021  54 vllm
2959176 2960022  60 vllm
2959176 2960023  51 vllm
2959176 2960024  52 vllm
2959176 2960025  62 vllm
2959176 2960026  58 vllm
2959176 2960027  66 vllm
2959176 2960028  61 vllm
2959176 2960029  67 vllm
2959176 2960030  71 vllm
2959176 2960031  54 vllm
2959176 2960032  55 vllm
2959176 2960033  66 vllm
2959176 2960034  65 vllm
2959176 2960035  63 vllm
2959176 2960036  71 vllm
2959176 2960037  67 vllm
2959176 2960038  57 vllm
2959176 2960039  55 vllm
2959176 2960040  65 vllm
2959176 2960041  70 vllm
2959176 2960042  60 vllm
2959176 2960043  50 vllm
2959176 2960044  59 vllm
2959176 2960045  64 vllm
2959176 2960046  56 vllm
2959176 2960047  64 vllm
2959176 2960048  68 vllm
2959176 2960049  57 vllm
2959176 2960050  51 vllm
2959176 2960207  54 ZMQbg/Reaper
2959176 2960208  55 ZMQbg/IO/0
2959176 2960209  57 ZMQbg/IO/1
2959176 2966962  75 vllm
2959176 2966963  48 vllm
2959176 2969099  76 vllm
