    PID     TID PSR COMMAND
2959550 2959550  98 vllm
2959550 2959598 110 PlogFlush
2959550 2959599  99 WatchdogMonitor
2959550 2959600 110 AtraceMonitor
2959550 2960618   2 iou-sqp-364892
2959550 2960672   1 vllm
2959550 2960673   3 vllm
2959550 2960674   6 vllm
2959550 2960675   7 vllm
2959550 2960676   8 vllm
2959550 2960677  12 vllm
2959550 2960678  13 vllm
2959550 2960679  14 vllm
2959550 2960680  15 vllm
2959550 2960681  16 vllm
2959550 2960682  17 vllm
2959550 2960683  18 vllm
2959550 2960684  19 vllm
2959550 2960685  21 vllm
2959550 2960686  22 vllm
2959550 2960687  23 vllm
2959550 2960688   9 vllm
2959550 2960689  20 vllm
2959550 2960690   4 vllm
2959550 2960691  11 vllm
2959550 2960692   5 vllm
2959550 2960693  10 vllm
2959550 2960694   1 vllm
2959550 2960695   3 vllm
2959550 2960696   6 vllm
2959550 2960697   7 vllm
2959550 2960698  22 vllm
2959550 2960699  23 vllm
2959550 2960700   9 vllm
2959550 2960701  13 vllm
2959550 2960702  14 vllm
2959550 2960703  15 vllm
2959550 2960704  16 vllm
2959550 2960705  17 vllm
2959550 2960706  18 vllm
2959550 2960707  19 vllm
2959550 2960708  21 vllm
2959550 2960709  12 vllm
2959550 2960710   8 vllm
2959550 2960711  20 vllm
2959550 2960712   4 vllm
2959550 2960713  11 vllm
2959550 2960714   5 vllm
2959550 2960715  10 vllm
2959550 2960716   2 vllm
2959550 2960717   8 vllm
2959550 2960718  12 vllm
2959550 2960719  17 vllm
2959550 2960720  15 vllm
2959550 2960721  18 vllm
2959550 2960722  19 vllm
2959550 2960723  13 vllm
2959550 2960724  16 vllm
2959550 2960725   3 vllm
2959550 2960726   6 vllm
2959550 2960727   7 vllm
2959550 2960728  14 vllm
2959550 2960729   1 vllm
2959550 2960730  22 vllm
2959550 2960731  23 vllm
2959550 2960732   9 vllm
2959550 2960733  21 vllm
2959550 2960734  20 vllm
2959550 2960735   4 vllm
2959550 2960736  11 vllm
2959550 2960737   5 vllm
2959550 2960738  10 vllm
2959550 2960739   2 vllm
2959550 2960740   3 vllm
2959550 2960741   6 vllm
2959550 2960742  13 vllm
2959550 2960743   1 vllm
2959550 2960744  16 vllm
2959550 2960745  15 vllm
2959550 2960746  20 vllm
2959550 2960747  21 vllm
2959550 2960748   7 vllm
2959550 2960749   9 vllm
2959550 2960750  10 vllm
2959550 2960751  14 vllm
2959550 2960752  23 vllm
2959550 2960753   5 vllm
2959550 2960754  19 vllm
2959550 2960755  18 vllm
2959550 2960756   4 vllm
2959550 2960757  11 vllm
2959550 2960758  22 vllm
2959550 2960759   8 vllm
2959550 2960760  12 vllm
2959550 2960761  18 vllm
2959550 2960762  17 vllm
2959550 2960763  19 vllm
2959550 2960764   8 vllm
2959550 2960765   2 vllm
2959550 2960766  22 vllm
2959550 2960767  12 vllm
2959550 2960768  13 vllm
2959550 2960769  17 vllm
2959550 2960770  15 vllm
2959550 2960771   6 vllm
2959550 2960772  16 vllm
2959550 2960773   1 vllm
2959550 2960774   7 vllm
2959550 2960775  14 vllm
2959550 2960776   3 vllm
2959550 2960777  23 vllm
2959550 2960778   9 vllm
2959550 2960779  21 vllm
2959550 2960780   4 vllm
2959550 2960781  11 vllm
2959550 2960782   5 vllm
2959550 2960783  10 vllm
2959550 2960784   2 vllm
2959550 2960785   3 vllm
2959550 2960786  21 vllm
2959550 2960787   4 vllm
2959550 2960788  10 vllm
2959550 2960789   5 vllm
2959550 2960790  11 vllm
2959550 2960791   9 vllm
2959550 2960792  23 vllm
2959550 2960793   7 vllm
2959550 2960794  14 vllm
2959550 2960795  13 vllm
2959550 2960796  13 vllm
2959550 2960797  15 vllm
2959550 2960798  15 vllm
2959550 2960799  17 vllm
2959550 2960800  12 vllm
2959550 2960801   0 vllm
2959550 2960802   6 vllm
2959550 2960803   3 vllm
2959550 2960804  13 vllm
2959550 2960805   0 vllm
2959550 2960806   1 vllm
2959550 2960807   8 vllm
2959550 2960808   2 vllm
2959550 2960809   2 vllm
2959550 2960810   2 vllm
2959550 2960811  22 vllm
2959550 2960812  20 vllm
2959550 2960813   2 vllm
2959550 2960814   2 vllm
2959550 2960815   1 vllm
2959550 2960816  22 vllm
2959550 2960817   0 vllm
2959550 2960818   6 vllm
2959550 2960819  17 vllm
2959550 2960820  15 vllm
2959550 2960821   8 vllm
2959550 2960822   7 vllm
2959550 2960823   7 vllm
2959550 2960824  14 vllm
2959550 2960825  19 vllm
2959550 2960826  19 vllm
2959550 2960827  18 vllm
2959550 2960828  16 vllm
2959550 2960829   0 vllm
2959550 2960830  23 vllm
2959550 2960831  21 vllm
2959550 2960832   9 vllm
2959550 2960833  11 vllm
2959550 2960834   5 vllm
2959550 2960835  10 vllm
2959550 2960836   0 vllm
2959550 2960837   0 vllm
2959550 2960838  14 vllm
2959550 2960839  17 vllm
2959550 2960840  16 vllm
2959550 2960841   4 vllm
2959550 2960842  18 vllm
2959550 2960843  21 vllm
2959550 2960844   4 vllm
2959550 2960845   3 vllm
2959550 2960846   3 vllm
2959550 2960847   6 vllm
2959550 2960848   1 vllm
2959550 2960849   9 vllm
2959550 2960850   8 vllm
2959550 2960851  23 vllm
2959550 2960852  19 vllm
2959550 2960853  16 vllm
2959550 2960854  18 vllm
2959550 2960855  11 vllm
2959550 2960856  22 vllm
2959550 2960857  13 vllm
2959550 2960858  20 vllm
2959550 2960859  15 vllm
2959550 2960860  10 vllm
2959550 2960861  14 vllm
2959550 2960862   7 vllm
2959550 2960863   5 vllm
2959550 2961010   2 ZMQbg/Reaper
2959550 2961011  16 ZMQbg/IO/0
2959550 2961012  16 ZMQbg/IO/1
2959550 2966568  99 vllm
2959550 2966569  20 vllm
2959550 2968133 104 vllm
